-9.900000 6410
-9.700000 6708
-9.500000 6960
-9.300000 7224
-9.100000 7701
-8.900000 7890
-8.700000 8473
-8.500000 8665
-8.300000 9163
-8.100000 9487
-7.900000 9855
-7.700000 10794
-7.500000 11325
-7.300000 11868
-7.100000 12393
-6.900000 13052
-6.700000 13941
-6.500000 14455
-6.300000 15652
-6.100000 16626
-5.900000 17731
-5.700000 19106
-5.500000 20174
-5.300000 21838
-5.100000 23478
-4.900000 25433
-4.700000 27609
-4.500000 29887
-4.300000 32578
-4.100000 36285
-3.900000 39144
-3.700000 43211
-3.500000 48110
-3.300000 53922
-3.100000 60372
-2.900000 67776
-2.700000 77195
-2.500000 87678
-2.300000 101310
-2.100000 118013
-1.900000 138189
-1.700000 164042
-1.500000 196468
-1.300000 236496
-1.100000 288925
-0.900000 352101
-0.700000 427182
-0.500000 509236
-0.300000 580782
-0.100000 629001
0.100000 628654
0.300000 581876
0.500000 509185
0.700000 428590
0.900000 352542
1.100000 288173
1.300000 236927
1.500000 197002
1.700000 163970
1.900000 138031
2.100000 118334
2.300000 101568
2.500000 88061
2.700000 76714
2.900000 67567
3.100000 59827
3.300000 53544
3.500000 48115
3.700000 43576
3.900000 39130
4.100000 35289
4.300000 32889
4.500000 30056
4.700000 27679
4.900000 25705
5.100000 23634
5.300000 21994
5.500000 20367
5.700000 18898
5.900000 17980
6.100000 16627
6.300000 15763
6.500000 14650
6.700000 13975
6.900000 13169
7.100000 12490
7.300000 11841
7.500000 11207
7.700000 10559
7.900000 10243
8.100000 9572
8.300000 9065
8.500000 8668
8.700000 8256
8.900000 8109
9.100000 7571
9.300000 7350
9.500000 6978
9.700000 6658
9.900000 6482
