# t y_rk1 y_rk2 y_rk4
0.0 1.0 1.0 1.0
0.0009765625 0.9990234375 0.9990239143371582 0.9990239141819757
0.001953125 0.9980478286743164 0.9980487814175376 0.9980487811074755
0.0029296875 0.9970731725916266 0.9970746003111792 0.99707459984654
0.00390625 0.9960994683215176 0.9961013700890318 0.9961013694701175
0.0048828125 0.9951267149344849 0.9951290898229508 0.9951290890500631
0.005859375 0.9941549115019317 0.9941577585856978 0.9941577576591379
0.0068359375 0.9931840570961681 0.9931873754509394 0.993187374371008
0.0078125 0.9922141507904101 0.9922179394932462 0.9922179382602436
0.0087890625 0.9912451916587788 0.9912494497880924 0.9912494484023184
0.009765625 0.9902771787762995 0.9902819054118543 0.9902819038736085
0.0107421875 0.9893101112189008 0.9893153054418102 0.9893153037513913
0.01171875 0.9883439880634136 0.9883496489561385 0.9883496471138451
0.0126953125 0.9873788083875704 0.9873849350339177 0.9873849330400479
0.013671875 0.9864145712700044 0.986421162755125 0.9864211606099766
0.0146484375 0.9854512757902486 0.985458331200636 0.9854583289045061
0.015625 0.9844889210287346 0.984496439452223 0.9844964370054085
0.0166015625 0.9835275060667925 0.9835354865925549 0.983535483995352
0.017578125 0.9825670299866491 0.9825754717051958 0.9825754689579004
0.0185546875 0.9816074918714278 0.9816163938746043 0.981616390977512
0.01953125 0.9806488908051472 0.9806582521861329 0.9806582491395386
0.0205078125 0.9796912258727203 0.9797010457260266 0.9797010425302249
0.021484375 0.978734496159954 0.9787447735814223 0.9787447702367076
0.0224609375 0.9777787007535478 0.9777894348403482 0.977789431347014
0.0234375 0.9768238387410931 0.9768350285917223 0.9768350249500621
0.0244140625 0.9758699092110725 0.9758815539253523 0.9758815501356589
0.025390625 0.9749169112528586 0.974929009931934 0.9749290059944999
0.0263671875 0.9739648439567132 0.9739773957030509 0.9739773916181682
0.02734375 0.9730137064137867 0.9730267103311732 0.9730267060991333
0.0283203125 0.972063497716117 0.9720769529096568 0.972076948530751
0.029296875 0.9711142169566286 0.9711281225327427 0.9711281180072617
0.0302734375 0.9701658632291319 0.970180218295556 0.9701802136237901
0.03125 0.9692184356283222 0.969233239294105 0.9692332344763441
0.0322265625 0.9682719332497789 0.9682871846252803 0.9682871796618139
0.033203125 0.9673263551899647 0.9673420533868541 0.9673420482779712
0.0341796875 0.9663817005462245 0.9663978446774792 0.9663978394234685
0.03515625 0.9654379684167849 0.9654545575966883 0.9654545521978378
0.0361328125 0.9644951579007528 0.964512191244893 0.9645121857014904
0.037109375 0.9635532680981154 0.9635707447233827 0.9635707390357156
0.0380859375 0.9626122981097383 0.9626302171343244 0.9626302113026796
0.0390625 0.9616722470373654 0.9616906075807613 0.9616906016054253
0.0400390625 0.960733113983618 0.9607519151666121 0.960751909047871
0.041015625 0.9597948980519935 0.9598141389966701 0.9598141327348095
0.0419921875 0.9588575983468646 0.9588772781766026 0.9588772717719077
0.04296875 0.957921213973479 0.9579413318129497 0.9579413252657053
0.0439453125 0.956985744037958 0.9570062990131235 0.957006292323614
0.044921875 0.9560511876472959 0.9560721788854075 0.9560721720539169
0.0458984375 0.9551175439093591 0.9551389705389556 0.9551389635657673
0.046875 0.9541848119328851 0.954206673083791 0.9542066659691884
0.0478515625 0.9532529908274818 0.953275285630806 0.9532752783750715
0.048828125 0.9523220797036268 0.9523448072917603 0.9523447998951764
0.0498046875 0.9513920776726662 0.951415237179281 0.9514152296421295
0.05078125 0.9504629838468139 0.9504865744068611 0.9504865667294236
0.0517578125 0.949534797339151 0.949558818088859 0.9495588102714163
0.052734375 0.9486075172636245 0.9486319673404975 0.9486319593833303
0.0537109375 0.9476811427350467 0.947706021277863 0.9477060131812516
0.0546875 0.9467556728690945 0.9467809790179048 0.946780970782129
0.0556640625 0.9458311067823082 0.9458568396784341 0.9458568313037732
0.056640625 0.9449074435920911 0.9449336023781232 0.9449335938648561
0.0576171875 0.9439846824167082 0.9440112662365044 0.9440112575849099
0.05859375 0.9430628223752856 0.9430898303739699 0.943089821584326
0.0595703125 0.9421418625878097 0.94216929391177 0.9421692849843544
0.060546875 0.9412218021751263 0.9412496559720129 0.941249646907103
0.0615234375 0.9403026402589396 0.9403309156776639 0.9403309064755365
0.0625 0.9393843759618118 0.939413072152544 0.9394130628134758
0.0634765625 0.9384670084071616 0.9384961245213297 0.9384961150455968
0.064453125 0.9375505367192639 0.9375800719095518 0.9375800622974299
0.0654296875 0.936634960023249 0.9366649134435947 0.9366649036953589
0.06640625 0.9357202774451012 0.9357506482506954 0.9357506383666208
0.0673828125 0.9348064881116588 0.934837275458943 0.9348372654393039
0.068359375 0.9338935911506122 0.9339247941972775 0.9339247840423479
0.0693359375 0.9329815856905042 0.933013203595489 0.9330131933055428
0.0703125 0.9320704708607283 0.9321025027842174 0.9321024923595277
0.0712890625 0.9311602457915283 0.9311926908949507 0.9311926803357904
0.072265625 0.9302509096139976 0.9302837670600251 0.9302837563666666
0.0732421875 0.9293424614600777 0.9293757304126233 0.9293757195853387
0.07421875 0.928434900462558 0.9284685800867745 0.9284685691258353
0.0751953125 0.9275282257550751 0.9275623152173527 0.9275623041230302
0.076171875 0.9266224364721112 0.9266569349400766 0.9266569237126417
0.0771484375 0.9257175317489938 0.9257524383915087 0.9257524270312317
0.078125 0.9248135107218952 0.9248488247090538 0.9248488132162049
0.0791015625 0.9239103725278308 0.9239460930309592 0.9239460814058079
0.080078125 0.9230081163046591 0.923044242496313 0.9230442307391286
0.0810546875 0.9221067411910803 0.9221432722450437 0.922143260356095
0.08203125 0.9212062463266358 0.9212431814179193 0.9212431693974746
0.0830078125 0.9203066308517075 0.9203439691565465 0.9203439570048739
0.083984375 0.9194078939075164 0.9194456346033698 0.9194456223207371
0.0849609375 0.9185100346361224 0.918548176901671 0.9185481644883453
0.0859375 0.917613052180423 0.9176515951955678 0.9176515826518159
0.0869140625 0.9167169456841531 0.9167558886300136 0.9167558759561019
0.087890625 0.9158217142918834 0.9158610563507961 0.9158610435469906
0.0888671875 0.9149273571490203 0.9149670975045369 0.9149670845711034
0.08984375 0.9140338734018044 0.9140740112386907 0.9140739981758945
0.0908203125 0.9131412621973105 0.9131817967015443 0.9131817835096502
0.091796875 0.912249522683446 0.9122904530422158 0.9122904397214883
0.0927734375 0.9113586540089504 0.9113999794106539 0.911399965961357
0.09375 0.9104686553233948 0.9105103749576369 0.9105103613800343
0.0947265625 0.9095795257771806 0.909621638834772 0.909621625129127
0.095703125 0.9086912645215388 0.9087337701944947 0.9087337563610702
0.0966796875 0.9078038707085295 0.9078467681900677 0.9078467542291262
0.09765625 0.9069173434910407 0.9069606319755801 0.9069606178873837
0.0986328125 0.9060316820227877 0.9060753607059467 0.9060753464907573
0.099609375 0.9051468854583123 0.9051909535369075 0.9051909391949862
0.1005859375 0.904262952952982 0.904307409625026 0.9043073951566338
0.1015625 0.9033798836629888 0.9034247281276894 0.903424713533087
0.1025390625 0.9024976767453492 0.9025429082031072 0.9025428934825546
0.103515625 0.9016163313579025 0.9016619490103106 0.9016619341640676
0.1044921875 0.9007358466593108 0.9007818497091516 0.9007818347374776
0.10546875 0.8998562218090576 0.8999026094603024 0.8999025943634564
0.1064453125 0.8989774559674472 0.8990242274252543 0.8990242122034949
0.107421875 0.8980995482956039 0.8981467027663171 0.8981466874199026
0.1083984375 0.8972224979554715 0.8972700346466183 0.8972700191758065
0.109375 0.8963463041098119 0.8963942222301021 0.8963942066351506
0.1103515625 0.8954709659222047 0.8955192646815291 0.8955192489626949
0.111328125 0.8945964825570463 0.8946451611664749 0.8946451453240146
0.1123046875 0.8937228531795491 0.8937719108513295 0.8937718948854996
0.11328125 0.892850076955741 0.8928995129032967 0.8928994968143531
0.1142578125 0.891978153052464 0.8920279664903934 0.8920279502785915
0.115234375 0.8911070806373736 0.8911572707814482 0.8911572544470433
0.1162109375 0.8902368588789387 0.8902874249461012 0.8902874084893481
0.1171875 0.8893674869464397 0.889418428154803 0.889418411575956
0.1181640625 0.8884989640099686 0.8885502795788138 0.888550262878127
0.119140625 0.8876312892404277 0.8876829783902028 0.8876829615679299
0.1201171875 0.8867644618095288 0.8868165237618475 0.8868165068182416
0.12109375 0.885898480889793 0.8859509148674324 0.8859508978027465
0.1220703125 0.885033345654549 0.8850861508814487 0.8850861336959354
0.123046875 0.8841690552779333 0.8842222309791935 0.8842222136731048
0.1240234375 0.8833056089348885 0.8833591543367687 0.8833591369103564
0.125 0.8824430058011631 0.8824969201310805 0.882496902584596
0.1259765625 0.8815812450533104 0.8816355275398385 0.8816355098735328
0.126953125 0.880720325868688 0.8807749757415549 0.8807749579556786
0.1279296875 0.8798602474254569 0.8799152639155438 0.8799152460103471
0.12890625 0.8790010089025805 0.8790563912419201 0.879056373217653
0.1298828125 0.878142609479824 0.8781983569015994 0.8781983387585113
0.130859375 0.8772850483377539 0.8773411600762966 0.8773411418146365
0.1318359375 0.8764283246577366 0.8764847999485251 0.8764847815685419
0.1328125 0.875572437621938 0.8756292757015967 0.8756292572035387
0.1337890625 0.8747173864133229 0.8747745865196198 0.8747745679037351
0.134765625 0.8738631702156536 0.8739207315874996 0.8739207128540359
0.1357421875 0.87300978821349 0.8730677100909369 0.8730676912401414
0.13671875 0.8721572395921877 0.872215521216427 0.8722155022485466
0.1376953125 0.8713055235378985 0.8713641641512595 0.8713641450665408
0.138671875 0.8704546392375685 0.8705136380835173 0.8705136188822065
0.1396484375 0.8696045858789381 0.8696639422020758 0.8696639228844185
0.140625 0.8687553626505407 0.8688150756966019 0.8688150562628436
0.1416015625 0.8679069687417023 0.8679670377575536 0.8679670182079394
0.142578125 0.8670594033425404 0.8671198275761791 0.8671198079109538
0.1435546875 0.8662126656439637 0.8662734443445161 0.8662734245639239
0.14453125 0.8653667548376708 0.8654278872553909 0.8654278673596757
0.1455078125 0.8645216701161497 0.8645831555024174 0.8645831354918229
0.146484375 0.8636774106726769 0.8637392482799969 0.8637392281547663
0.1474609375 0.8628339757013168 0.8628961647833171 0.8628961445436932
0.1484375 0.861991364396921 0.8620539042083509 0.8620538838545763
0.1494140625 0.8611495759551272 0.8612124657518564 0.8612124452841731
0.150390625 0.8603086095723586 0.8603718486113754 0.8603718280300251
0.1513671875 0.859468464445823 0.8595320519852331 0.8595320312904573
0.15234375 0.8586291397735126 0.8586930750725373 0.8586930542645771
0.1533203125 0.8577906347542026 0.8578549170731775 0.8578548961522734
0.154296875 0.8569529485874504 0.857017577187824 0.8570175561542164
0.1552734375 0.8561160804735954 0.8561810546179276 0.8561810334718564
0.15625 0.8552800296137579 0.8553453485657183 0.8553453273074231
0.1572265625 0.8544447952098383 0.8545104582342049 0.8545104368639249
0.158203125 0.8536103764645162 0.8536763828271742 0.8536763613451482
0.1591796875 0.8527767725812501 0.85284312154919 0.8528430999556567
0.16015625 0.8519439827642762 0.8520106736055926 0.8520106519007901
0.1611328125 0.8511120062186079 0.851179038202498 0.851179016386664
0.162109375 0.8502808421500351 0.850348214546797 0.8503481926201691
0.1630859375 0.8494504897651229 0.8495182018461548 0.8495181798089699
0.1640625 0.8486209482712117 0.8486889993090097 0.8486889771615046
0.1650390625 0.8477922168764156 0.8478606061445726 0.8478605838869837
0.166015625 0.8469642947896222 0.8470330215628266 0.8470329991953898
0.1669921875 0.8461371812204918 0.8462062447745256 0.8462062222974766
0.16796875 0.8453108753794562 0.845380274991194 0.845380252404768
0.1689453125 0.8444853764777184 0.8445551114251257 0.8445550887295579
0.169921875 0.8436606837272519 0.843730753289384 0.8437307304849087
0.1708984375 0.8428367963407994 0.8429071997977995 0.842907176884651
0.171875 0.8420137135318729 0.8420844501649707 0.8420844271433829
0.1728515625 0.841191434514752 0.8412625036062626 0.8412624804764691
0.173828125 0.8403699585044837 0.8404413593378062 0.84044133610004
0.1748046875 0.8395492847168816 0.8396210165764972 0.8396209932309914
0.17578125 0.8387294123685253 0.8388014745399963 0.8388014510869831
0.1767578125 0.8379103406767592 0.8379827324467273 0.8379827088864389
0.177734375 0.837092068859692 0.837164789515877 0.8371647658485453
0.1787109375 0.8362745961361963 0.8363476449673946 0.8363476211932508
0.1796875 0.835457921725907 0.8355312980219903 0.8355312741412657
0.1806640625 0.8346420448492216 0.8347157479011355 0.8347157239140606
0.181640625 0.8338269647272984 0.8339009938270608 0.8339009697338662
0.1826171875 0.8330126805820569 0.8330870350227567 0.8330870108236722
0.18359375 0.832199191636176 0.8322738707119717 0.8322738464072269
0.1845703125 0.8313864971130938 0.8314615001192118 0.8314614757090363
0.185546875 0.8305745962370068 0.8306499224697406 0.8306498979543631
0.1865234375 0.829763488232869 0.8298391369895772 0.8298391123692265
0.1875 0.8289531723263917 0.8290291429054967 0.8290291181804009
0.1884765625 0.8281436477440417 0.8282199394450286 0.8282199146154158
0.189453125 0.8273349137130417 0.8274115258364566 0.8274115009025543
0.1904296875 0.8265269694613688 0.8266039013088176 0.8266038762708531
0.19140625 0.8257198142177542 0.8257970650919009 0.8257970399501011
0.1923828125 0.8249134472116821 0.8249910164162478 0.8249909911708394
0.193359375 0.8241078676733895 0.8241857545131507 0.8241857291643597
0.1943359375 0.8233030748338647 0.8233812786146519 0.8233812531627044
0.1953125 0.8224990679248472 0.8225775879535439 0.8225775623986652
0.1962890625 0.8216958461788268 0.8217746817633674 0.8217746561057828
0.197265625 0.8208934088290428 0.8209725592784118 0.8209725335183461
0.1982421875 0.8200917551094832 0.8201712197337137 0.8201711938713914
0.19921875 0.819290884254884 0.8193706623650561 0.8193706364007014
0.2001953125 0.8184907955007289 0.8185708864089684 0.8185708603428051
0.201171875 0.8176914880832478 0.8177718911027249 0.8177718649349766
0.2021484375 0.8168929612394165 0.8169736756843444 0.8169736494152342
0.203125 0.8160952142069561 0.8161762393925898 0.8161762130223404
0.2041015625 0.8152982462243321 0.8153795814669665 0.8153795549958005
0.205078125 0.8145020565307537 0.8145837011477227 0.8145836745758621
0.2060546875 0.8137066443661729 0.8137885976758478 0.8137885710035144
0.20703125 0.812912008971284 0.8129942702930723 0.8129942435204877
0.2080078125 0.812118149587523 0.8122007182418667 0.8122006913692519
0.208984375 0.8113250654570665 0.811407940765441 0.8114079137930168
0.2099609375 0.8105327558228311 0.8106159371077438 0.8106159100357307
0.2109375 0.8097412199284729 0.8098247065134618 0.80982467934208
0.2119140625 0.8089504570183865 0.809034248228019 0.8090342209574881
0.212890625 0.8081604663377046 0.8082445614975756 0.8082445341281151
0.2138671875 0.8073712471322967 0.8074556455690279 0.807455618100857
0.21484375 0.806582798648769 0.8066674996900074 0.8066674721233447
0.2158203125 0.8057951201344636 0.8058801231088796 0.8058800954439436
0.216796875 0.8050082108374573 0.8050935150747438 0.8050934873117527
0.2177734375 0.8042220700065613 0.8043076748374325 0.804307646976604
0.21875 0.8034366968913206 0.80352260164751 0.8035225736890615
0.2197265625 0.8026520907420126 0.8027382947562726 0.8027382667004213
0.220703125 0.8018682508096474 0.8019547534157468 0.8019547252627095
0.2216796875 0.8010851763459661 0.8011719768786899 0.801171948628683
0.22265625 0.8003028666034407 0.800389964398588 0.8003899360518276
0.2236328125 0.7995213208352733 0.799608715229656 0.799608686786358
0.224609375 0.798740538295395 0.798828228626837 0.7988282000872168
0.2255859375 0.7979605182384659 0.7980485038458011 0.7980484752100737
0.2265625 0.7971812599198737 0.7972695401429448 0.7972695114113252
0.2275390625 0.7964027625957332 0.7964913367753909 0.7964913079480934
0.228515625 0.7956250255228857 0.7957138930009867 0.7957138640782256
0.2294921875 0.7948480479588985 0.7949372080783044 0.7949371790602936
0.23046875 0.7940718291620636 0.7941612812666397 0.7941612521535926
0.2314453125 0.7932963683913976 0.7933861118260113 0.793386082618141
0.232421875 0.7925216649066403 0.7926116990171601 0.7926116697146796
0.2333984375 0.7917477179682549 0.7918380421015487 0.7918380127046705
0.234375 0.7909745268374265 0.7910651403413607 0.7910651108502968
0.2353515625 0.7902020907760618 0.7902929929994995 0.790292963414462
0.236328125 0.7894304090467884 0.7895215993395883 0.7895215696607887
0.2373046875 0.7886594809129537 0.788750958625969 0.7887509288536185
0.23828125 0.7878893056386246 0.7879810701237014 0.787981040258011
0.2392578125 0.7871198824885869 0.787211933098563 0.7872119031397431
0.240234375 0.7863512107283441 0.7864435468170475 0.7864435167653084
0.2412109375 0.7855832896241173 0.785675910546365 0.7856758804019166
0.2421875 0.7848161184428437 0.7849090235544405 0.7849089933174925
0.2431640625 0.7840496964521769 0.7841428851099138 0.7841428547806756
0.244140625 0.7832840229204854 0.7833774944821387 0.7833774640608191
0.2451171875 0.7825190971168521 0.7826128509411817 0.7826128204279895
0.24609375 0.7817549183110739 0.7818489537578223 0.7818489231529657
0.2470703125 0.7809914857736607 0.7810858022035514 0.7810857715072386
0.248046875 0.7802287987758348 0.7803233955505712 0.7803233647630098
0.2490234375 0.7794668565895303 0.7795617330717942 0.7795617021931915
0.25 0.778705658487392 0.7788008140408428 0.7788007830714059
0.2509765625 0.7779452037427754 0.778040637732048 0.7780406066719836
0.251953125 0.7771854916297454 0.7772812034204495 0.7772811722699641
0.2529296875 0.7764265214230757 0.7765225103817943 0.7765224791410941
0.25390625 0.7756682923982484 0.7757645578925367 0.7757645265618274
0.2548828125 0.7749108038314533 0.775007345229837 0.775007313809324
0.255859375 0.7741540549995867 0.7742508716715611 0.7742508401614495
0.2568359375 0.7733980451802511 0.7734951364962798 0.7734951048967745
0.2578125 0.7726427736517548 0.7727401389832679 0.7727401072945735
0.2587890625 0.7718882396931105 0.7719858784125039 0.7719858466348247
0.259765625 0.7711344425840352 0.7712323540646691 0.7712323221982089
0.2607421875 0.7703813816049492 0.7704795652211468 0.7704795332661093
0.26171875 0.7696290560369756 0.7697275111640218 0.7697274791206102
0.2626953125 0.7688774651619396 0.7689761911760797 0.768976159044497
0.263671875 0.7681266082623673 0.7682256045408061 0.7682255723212549
0.2646484375 0.7673764846214861 0.7674757505423859 0.7674757182350684
0.265625 0.7666270935232229 0.7667266284657027 0.7667265960708212
0.2666015625 0.7658784342522041 0.7659782375963383 0.7659782051140943
0.267578125 0.7651305060937548 0.7652305772205718 0.7652305446511667
0.2685546875 0.7643833083338976 0.7644836466253786 0.7644836139690137
0.26953125 0.7636368402593527 0.7637374450984306 0.7637374123553066
0.2705078125 0.762891101157537 0.7629919719280945 0.7629919390984119
0.271484375 0.7621460903165629 0.7622472264034321 0.762247193487391
0.2724609375 0.7614018070252381 0.7615032078141988 0.7615031748119991
0.2734375 0.760658250573065 0.7607599154508433 0.7607598823626847
0.2744140625 0.7599154202502397 0.760017348604507 0.7600173154305886
0.275390625 0.7591733153476516 0.7592755065670231 0.7592754733075439
0.2763671875 0.7584319351568825 0.7585343886309162 0.7585343552860746
0.27734375 0.7576912789702058 0.7577939940894011 0.7577939606593956
0.2783203125 0.7569513460805865 0.7570543222363828 0.7570542887214116
0.279296875 0.7562121357816797 0.7563153723664554 0.7563153387667161
0.2802734375 0.7554736473678304 0.7555771437749017 0.7555771100905916
0.28125 0.7547358801340728 0.7548396357576921 0.7548396019890083
0.2822265625 0.7539988333761294 0.7541028476114843 0.7541028137586238
0.283203125 0.7532625063904105 0.7533667786336226 0.7533667446967818
0.2841796875 0.7525268984740136 0.752631428122137 0.7526313941015121
0.28515625 0.7517920089247225 0.7518967953757428 0.7518967612715298
0.2861328125 0.751057837041007 0.7511628796938399 0.7511628455062342
0.287109375 0.7503243821220217 0.7504296803765118 0.7504296461057088
0.2880859375 0.7495916434676057 0.7496971967245254 0.74969716237072
0.2890625 0.7488596203782818 0.7489654280393299 0.7489653936027169
0.2900390625 0.7481283121552561 0.7482343736230564 0.7482343391038302
0.291015625 0.747397718100417 0.7475040327785176 0.7475039981768722
0.2919921875 0.7466678375163346 0.7467744048092061 0.7467743701253352
0.29296875 0.74593866970626 0.7460454890192946 0.7460454542533919
0.2939453125 0.745210213974125 0.745317284713635 0.7453172498658936
0.294921875 0.7444824696245409 0.7445897911977578 0.7445897562683707
0.2958984375 0.7437554359627981 0.7438630077778713 0.743862972767031
0.296875 0.7430291122948657 0.743136933760861 0.7431368986687596
0.2978515625 0.7423034979273903 0.7424115684542888 0.7424115332811185
0.298828125 0.7415785921676955 0.7416869111663926 0.7416868759123452
0.2998046875 0.7408543943237818 0.7409629612060857 0.7409629258713524
0.30078125 0.7401309037043249 0.7402397178829556 0.7402396824677275
0.3017578125 0.7394081196186761 0.739517180507264 0.7395171450117319
0.302734375 0.738686041376861 0.7387953483899456 0.7387953128143001
0.3037109375 0.737964668289579 0.738074220842608 0.7380741851870393
0.3046875 0.7372439996682024 0.7373537971775304 0.7373537614422283
0.3056640625 0.7365240348247765 0.7366340767076635 0.7366340408928177
0.306640625 0.7358047730720179 0.7359150587466284 0.7359150228524283
0.3076171875 0.7350862137233147 0.7351967426087165 0.735196706635351
0.30859375 0.7343683560927255 0.7344791276088881 0.734479091556546
0.3095703125 0.7336511994949787 0.7337622130627726 0.7337621769316423
0.310546875 0.7329347432454719 0.7330459982866669 0.7330459620769366
0.3115234375 0.7322189866602713 0.7323304825975357 0.7323304463093934
0.3125 0.7315039290561108 0.7316156653130103 0.7316156289466433
0.3134765625 0.730789569750392 0.7309015457513878 0.7309015093069836
0.314453125 0.7300759080611826 0.730188123231631 0.7301880867093765
0.3154296875 0.7293629433072166 0.7294753970733672 0.7294753604734492
0.31640625 0.7286506748078931 0.728763366596888 0.7287633299194929
0.3173828125 0.727939101883276 0.7280520311231484 0.7280519943684622
0.318359375 0.7272282238540931 0.7273413899737663 0.7273413531419749
0.3193359375 0.7265180400417356 0.7266314424710215 0.7266314055623104
0.3203125 0.7258085497682574 0.7259221879378555 0.72592215095241
0.3212890625 0.7250997523563744 0.7252136256978705 0.7252135886358756
0.322265625 0.7243916471294638 0.7245057550753293 0.7245057179369696
0.3232421875 0.723684233411564 0.7237985753951539 0.7237985381806138
0.32421875 0.722977510527373 0.7230920859829254 0.723092048692389
0.3251953125 0.7222714778022487 0.7223862861648831 0.7223862487985342
0.326171875 0.7215661345622074 0.721681175267924 0.7216811378259461
0.3271484375 0.720861480133924 0.7209767526196021 0.7209767151021785
0.328125 0.7201575138447307 0.7202730175481279 0.7202729799554415
0.3291015625 0.7194542350226167 0.7195699693823674 0.7195699317146008
0.330078125 0.7187516429962275 0.7188676074518418 0.7188675697091774
0.3310546875 0.718049737094864 0.7181659310867267 0.7181658932693467
0.33203125 0.7173485166484823 0.7174649396178515 0.7174649017259377
0.3330078125 0.7166479809876928 0.7167646323766989 0.7167645944104328
0.333984375 0.7159481294437595 0.7160650086954039 0.7160649706549669
0.3349609375 0.7152489613485996 0.7153660679067536 0.7153660297923266
0.3359375 0.7145504760347826 0.7146678093441863 0.7146677711559499
0.3369140625 0.7138526728355299 0.7139702323417909 0.7139701940799256
0.337890625 0.713155551084714 0.7132733362343062 0.7132732978989921
0.3388671875 0.7124591101168578 0.7125771203571206 0.7125770819485374
0.33984375 0.7117633492671344 0.7118815840462709 0.7118815455645983
0.3408203125 0.7110682678713657 0.7111867266384422 0.7111866880838594
0.341796875 0.7103738652660225 0.710492547470967 0.7104925088436531
0.3427734375 0.7096801407882237 0.7097990458818246 0.7097990071819583
0.34375 0.7089870937757352 0.7091062212096406 0.7091061824374003
0.3447265625 0.7082947235669699 0.708414072793686 0.7084140339492498
0.345703125 0.7076030295009865 0.7077225999738767 0.7077225610574226
0.3466796875 0.7069120109174895 0.707031802090773 0.7070317631024786
0.34765625 0.7062216671568279 0.7063416784855789 0.7063416394256216
0.3486328125 0.7055319975599951 0.7056522285001415 0.7056521893686981
0.349609375 0.7048430014686279 0.7049634514769502 0.7049634122741975
0.3505859375 0.7041546782250062 0.7042753467591361 0.7042753074852506
0.3515625 0.7034670271720521 0.7035879136904716 0.7035878743456295
0.3525390625 0.7027800476533295 0.7029011516153696 0.7029011121997468
0.353515625 0.7020937390130431 0.7022150598788829 0.7022150203926552
0.3544921875 0.7014081005960381 0.7015296378267035 0.7015295982700462
0.35546875 0.7007231317477998 0.7008448848051623 0.7008448451782505
0.3564453125 0.7000388318144523 0.700160800161228 0.7001607604642366
0.357421875 0.6993552001427584 0.6994773832425067 0.6994773434756103
0.3583984375 0.698672236080119 0.6987946333972417 0.6987945935606145
0.359375 0.697989938974572 0.6981125499743118 0.6981125100681279
0.3603515625 0.6973083081747921 0.697431132323232 0.6974310923476651
0.361328125 0.6966273430300901 0.6967503797941518 0.6967503397493753
0.3623046875 0.6959470428904123 0.6960702917378552 0.6960702516240422
0.36328125 0.6952674071063396 0.6953908675057597 0.6953908273230833
0.3642578125 0.6945884350290873 0.6947121064499162 0.6947120661985491
0.365234375 0.6939101260105042 0.6940340079230078 0.6940339676031223
0.3662109375 0.6932324794030721 0.6933565712783496 0.6933565308901177
0.3671875 0.6925554945599051 0.6926797958698877 0.6926797554134814
0.3681640625 0.6918791708347489 0.6920036810521989 0.6920036405277897
0.369140625 0.6912035075819806 0.6913282261804901 0.6913281855882494
0.3701171875 0.6905285041566075 0.6906534306105975 0.6906533899506963
0.37109375 0.689854159914267 0.6899792936989859 0.6899792529715949
0.3720703125 0.6891804742112257 0.6893058148027487 0.6893057740080383
0.373046875 0.6885074464043789 0.6886329932796063 0.6886329524177467
0.3740234375 0.6878350758512496 0.6879608284879062 0.6879607875590675
0.375 0.6871633619099886 0.6872893197866223 0.6872892787909742
0.3759765625 0.6864923039393734 0.6866184665353543 0.6866184254730662
0.376953125 0.6858219012988076 0.6859482680943267 0.6859482269655677
0.3779296875 0.6851521533483205 0.6852787238243887 0.6852786826293277
0.37890625 0.6844830594485662 0.6846098330870132 0.6846097918258188
0.3798828125 0.6838146189608235 0.6839415952442964 0.6839415539171371
0.380859375 0.6831468312469946 0.6832740096589573 0.6832739682660011
0.3818359375 0.682479695669605 0.6826070756943368 0.6826070342357514
0.3828125 0.6818132115918026 0.6819407927143971 0.6819407511903502
0.3837890625 0.6811473783773575 0.6812751600837216 0.6812751184943805
0.384765625 0.6804821953906609 0.6806101771675136 0.6806101355130453
0.3857421875 0.6798176619967247 0.6799458433315961 0.6799458016121673
0.38671875 0.679153777561181 0.6792821579424113 0.6792821161581886
0.3876953125 0.6784905414502814 0.6786191203670194 0.678619078518169
0.388671875 0.6778279530308964 0.6779567299730989 0.6779566880597867
0.3896484375 0.6771660116705146 0.677294986128945 0.6772949441513368
0.390625 0.6765047167372427 0.6766338882034699 0.6766338461617312
0.3916015625 0.675844067599804 0.6759734355662016 0.6759733934604975
0.392578125 0.6751840636275386 0.6753136275872835 0.6753135854177789
0.3935546875 0.6745247041904023 0.674654463637474 0.6746544214043334
0.39453125 0.6738659886589664 0.6739959430881451 0.6739959007915333
0.3955078125 0.6732079164044167 0.6733380653112833 0.6733380229513641
0.396484375 0.672550486798553 0.6726808296794873 0.6726807872564248
0.3974609375 0.6718936992137888 0.6720242355659686 0.6720241930799263
0.3984375 0.6712375530231504 0.6713682823445504 0.6713682397956918
0.3994140625 0.6705820476002762 0.6707129693896672 0.6707129267781553
0.400390625 0.6699271823194165 0.6700582960763639 0.6700582534023616
0.4013671875 0.6692729565554327 0.6694042617802956 0.6694042190439654
0.40234375 0.6686193696837965 0.6687508658777266 0.668750823079231
0.4033203125 0.6679664210805897 0.6680981077455302 0.6680980648850312
0.404296875 0.6673141101225032 0.667445986761188 0.6674459438388475
0.4052734375 0.6666624361868367 0.6667945023027891 0.6667944593187685
0.40625 0.666011398651498 0.6661436537490296 0.6661436107034903
0.4072265625 0.6653609968950025 0.6654934404792121 0.665493397372315
0.408203125 0.6647112302964723 0.6648438618732451 0.6648438187051511
0.4091796875 0.6640620982356359 0.6641949173116423 0.6641948740825119
0.41015625 0.6634136000928277 0.663546606175522 0.6635465628855155
0.4111328125 0.6627657352489871 0.6628989278466068 0.6628988844958842
0.412109375 0.662118503085658 0.6622518817072225 0.6622518382959436
0.4130859375 0.6614719029849884 0.6616054671402981 0.6616054236686224
0.4140625 0.6608259343297296 0.6609596835293647 0.6609596399974514
0.4150390625 0.6601805965032357 0.6603145302585552 0.6603144866665634
0.416015625 0.659535888889463 0.6596700067126038 0.6596699630606923
0.4169921875 0.6588918108729694 0.6590261122768448 0.6590260685651721
0.41796875 0.6582483618389138 0.658382846337213 0.6583828025659373
0.4189453125 0.6576055411730555 0.6577402082802423 0.6577401644495215
0.419921875 0.6569633482617536 0.6570981974930653 0.6570981536030573
0.4208984375 0.6563217824919667 0.6564568133634131 0.6564567694142754
0.421875 0.6556808432512519 0.6558160552796143 0.6558160112715041
0.4228515625 0.6550405299277643 0.6551759226305944 0.6551758785636688
0.423828125 0.6544008419102567 0.6545364148058755 0.6545363706802911
0.4248046875 0.6537617785880787 0.6538975311955757 0.653897487011489
0.42578125 0.6531233393511763 0.653259271190408 0.6532592269479753
0.4267578125 0.6524855235900912 0.6526216341816806 0.6526215898810579
0.427734375 0.6518483306959602 0.6519846195612955 0.6519845752026385
0.4287109375 0.6512117600605148 0.6513482267217483 0.6513481823052126
0.4296875 0.6505758110760808 0.6507124550561277 0.6507124105818686
0.4306640625 0.6499404831355767 0.6500773039581149 0.6500772594262871
0.431640625 0.6493057756325147 0.6494427728219826 0.649442728232741
0.4326171875 0.6486716879609985 0.6488088610425948 0.648808816396094
0.43359375 0.648038219515724 0.6481755680154064 0.6481755233118006
0.4345703125 0.6474053696919783 0.6475428931364623 0.6475428483759055
0.435546875 0.6467731378856384 0.6469108358023967 0.6469107909850427
0.4365234375 0.646141523493172 0.646279395410433 0.6462793505364353
0.4375 0.6455105259116357 0.6456485713583828 0.6456485264278947
0.4384765625 0.6448801445386751 0.6450183630446457 0.6450183180578202
0.439453125 0.6442503787725241 0.6443887698682081 0.644388724825198
0.4404296875 0.643621228012004 0.6437597912286436 0.6437597461296014
0.44140625 0.6429926916565236 0.6431314265261112 0.6431313813711894
0.4423828125 0.6423647691060778 0.6425036751613561 0.6425036299507066
0.443359375 0.6417374597612476 0.641876536535708 0.6418764912694827
0.4443359375 0.6411107630231996 0.641250010051081 0.6412499647294313
0.4453125 0.6404846782936847 0.640624095109973 0.6406240497330503
0.4462890625 0.6398592049750386 0.6399987911154651 0.6399987456834205
0.447265625 0.6392343424701802 0.6393740974712212 0.6393740519842056
0.4482421875 0.6386100901826116 0.6387500135814871 0.6387499680396511
0.44921875 0.6379864475164176 0.6381265388510902 0.6381264932545841
0.4501953125 0.6373634138762649 0.6375036726854387 0.6375036270344128
0.451171875 0.6367409886674014 0.6368814144905215 0.6368813687851254
0.4521484375 0.6361191712956559 0.6362597636729069 0.6362597179132903
0.453125 0.6354979611674375 0.6356387196397427 0.635638673826055
0.4541015625 0.634877357689735 0.6350182817987553 0.6350182359311456
0.455078125 0.634257360270116 0.6343984495582491 0.6343984036368664
0.4560546875 0.6336379683167273 0.6337792223271063 0.6337791763520991
0.45703125 0.6330191812382929 0.6331605995147858 0.6331605534863027
0.4580078125 0.6324009984441149 0.6325425805313231 0.6325425344495124
0.458984375 0.6317834193440718 0.6319251647873295 0.631925118652339
0.4599609375 0.6311664433486186 0.6313083516939917 0.6313083055059692
0.4609375 0.6305500698687859 0.6306921406630709 0.6306920944221638
0.4619140625 0.6299342983161796 0.6300765311069026 0.6300764848132583
0.462890625 0.6293191281029803 0.6294615224383961 0.6294614760921614
0.4638671875 0.6287045586419422 0.6288471140710334 0.6288470676723552
0.46484375 0.6280905893463934 0.6282333054188692 0.6282332589678941
0.4658203125 0.6274772196302348 0.6276200958965301 0.6276200493934043
0.466796875 0.6268644489079397 0.6270074849192141 0.6270074383640837
0.4677734375 0.6262522765945531 0.62639547190269 0.6263954252957007
0.46875 0.6256407021056912 0.6257840562632967 0.6257840096045942
0.4697265625 0.6250297248575412 0.6251732374179431 0.6251731907076727
0.470703125 0.62441934426686 0.624563014784107 0.624562968022414
0.4716796875 0.6238095597509744 0.623953387779835 0.6239533409668641
0.47265625 0.6232003707277801 0.6233443558237415 0.6233443089596374
0.4736328125 0.6225917766157413 0.6227359183350085 0.6227358714199157
0.474609375 0.62198377683389 0.622128074733385 0.6221280277674477
0.4755859375 0.6213763708018256 0.6215208244391864 0.6215207774225484
0.4765625 0.6207695579397144 0.6209141668732937 0.6209141198060988
0.4775390625 0.6201633376682889 0.6203081014571533 0.620308054339545
0.478515625 0.6195577094088472 0.6197026276127764 0.6197025804448979
0.4794921875 0.6189526725832527 0.6190977447627382 0.6190976975447325
0.48046875 0.6183482266139331 0.6184934523301776 0.6184934050621876
0.4814453125 0.6177443709238803 0.6178897497387966 0.6178897024209649
0.482421875 0.61714110493665 0.6172866364128596 0.6172865890453285
0.4833984375 0.6165384280763603 0.6166841117771932 0.6166840643601048
0.484375 0.6159363397676919 0.6160821752571851 0.6160821277906813
0.4853515625 0.6153348394358875 0.6154808262787842 0.6154807787630066
0.486328125 0.614733926506751 0.6148800642684995 0.6148800167035894
0.4873046875 0.6141336004066467 0.6142798886533998 0.6142798410394984
0.48828125 0.6135338605624996 0.6136802988611131 0.6136802511983614
0.4892578125 0.612934706401794 0.6130812943198263 0.6130812466083652
0.490234375 0.6123361373525735 0.6124828744582842 0.612482826698254
0.4912109375 0.6117381528434401 0.6118850387057894 0.6118849908973304
0.4921875 0.6111407523035539 0.6112877864922013 0.6112877386354536
0.4931640625 0.6105439351626325 0.6106911172479359 0.6106910693430394
0.494140625 0.6099477008509503 0.6100950304039654 0.6100949824510595
0.4951171875 0.609352048799338 0.6094995253918171 0.6094994773910413
0.49609375 0.6087569784391824 0.6089046016435732 0.6089045535950667
0.4970703125 0.6081624892024254 0.6083102585918705 0.608310210495772
0.498046875 0.6075685805215637 0.6077164956698994 0.6077164475263477
0.4990234375 0.6069752518296481 0.6071233123114035 0.6071232641205371
0.5 0.6063825025602831 0.6065307079506793 0.6065306597126364
0.5009765625 0.6057903321476266 0.6059386820225754 0.605938633737494
0.501953125 0.6051987400263886 0.6053472339624919 0.6053471856305098
0.5029296875 0.6046077256318316 0.6047563632063802 0.6047563148276349
0.50390625 0.6040172883997693 0.604166069190742 0.604166020765371
0.5048828125 0.6034274277665664 0.6035763513526294 0.6035763028807697
0.505859375 0.6028381431691382 0.6029872091296438 0.6029871606114322
0.5068359375 0.6022494340449496 0.6023986419599353 0.6023985933955086
0.5078125 0.6016612998320151 0.6018106492822028 0.6018106006716974
0.5087890625 0.6010737399688979 0.6012232305356929 0.6012231818792451
0.509765625 0.6004867538947095 0.6006363851601996 0.6006363364579452
0.5107421875 0.5999003410491092 0.6000501125960636 0.6000500638481385
0.51171875 0.5993145008723034 0.5994644122841719 0.5994643634907117
0.5126953125 0.5987292328050453 0.5988792836659574 0.5988792348270975
0.513671875 0.5981445362886342 0.5982947261833982 0.5982946772992734
0.5146484375 0.5975604107649148 0.5977107392790167 0.5977106903497622
0.515625 0.5969768556762772 0.59712732239588 0.5971272734216303
0.5166015625 0.5963938704656558 0.5965444749775982 0.5965444259584879
0.517578125 0.5958114545765292 0.595962196468325 0.5959621474044884
0.5185546875 0.5952296074529193 0.5953804863127566 0.5953804372043275
0.51953125 0.5946483285393911 0.594799343956131 0.5947992948032432
0.5205078125 0.5940676172810518 0.5942187688442278 0.5942187196470149
0.521484375 0.5934874731235508 0.5936387604233674 0.5936387111819629
0.5224609375 0.5929078955130785 0.5930593181404109 0.593059268854948
0.5234375 0.5923288838963665 0.5924804414427594 0.5924803921133708
0.5244140625 0.5917504377206865 0.5919021297783529 0.5919020804051714
0.525390625 0.5911725564338499 0.5913243825956707 0.5913243331788288
0.5263671875 0.5905952394842074 0.5907471993437302 0.5907471498833603
0.52734375 0.5900184863206487 0.5901705794720868 0.5901705299683209
0.5283203125 0.5894422963926012 0.5895945224308331 0.5895944728838028
0.529296875 0.5888666691500303 0.5890190276705983 0.5890189780804355
0.5302734375 0.5882916040434385 0.588444094642548 0.588444045009384
0.53125 0.5877171005238648 0.5878697227983835 0.5878696731223494
0.5322265625 0.5871431580428845 0.5872959115903412 0.587295861871568
0.533203125 0.5865697760526083 0.5867226604711923 0.5867226107098108
0.5341796875 0.585996954005682 0.586149968894242 0.5861499190903827
0.53515625 0.5854246913552857 0.5855778363133292 0.5855777864671224
0.5361328125 0.584852987555134 0.5850062621828258 0.5850062122944018
0.537109375 0.5842818420594748 0.5844352459576365 0.584435196027125
0.5380859375 0.5837112543230886 0.5838647870931979 0.5838647371207286
0.5390625 0.5831412238012886 0.583294885045478 0.5832948350311805
0.5400390625 0.5825717499499202 0.5827255392709761 0.5827254892149797
0.541015625 0.5820028322253598 0.582156749226722 0.5821566991291557
0.5419921875 0.5814344700845147 0.5815885143702753 0.5815884642312679
0.54296875 0.5808666629848227 0.5810208341597249 0.5810207839794052
0.5439453125 0.5802994103842516 0.5804537080536892 0.5804536578321855
0.544921875 0.5797327117412983 0.5798871355113147 0.5798870852487552
0.5458984375 0.5791665665149884 0.5793211159922756 0.5793210656887884
0.546875 0.5786009741648761 0.5787556489567741 0.5787555986124868
0.5478515625 0.5780359341510433 0.5781907338655388 0.578190683480579
0.548828125 0.5774714459340989 0.5776263701798247 0.5776263197543198
0.5498046875 0.576907508975179 0.5770625573614128 0.57706250689549
0.55078125 0.5763441227359454 0.5764992948726094 0.5764992443663958
0.5517578125 0.5757812866785861 0.5759365821762459 0.575936531629868
0.552734375 0.5752190002658141 0.5753744187356775 0.575374368149262
0.5537109375 0.5746572629608669 0.5748128040147837 0.5748127533884568
0.5546875 0.5740960742275067 0.574251737477967 0.5742516868118548
0.5556640625 0.5735354335300189 0.5736912185901527 0.5736911678843812
0.556640625 0.5729753403332123 0.5731312468167886 0.5731311960714834
0.5576171875 0.5724157941024182 0.5725718216238441 0.5725717708391307
0.55859375 0.57185679430349 0.5720129424778099 0.5720128916538135
0.5595703125 0.571298340402803 0.5714546088456973 0.5714545579825432
0.560546875 0.5707404318672534 0.5708968201950382 0.570896769292851
0.5615234375 0.570183068164258 0.5703395759938839 0.5703395250527884
0.5625 0.5696262487617538 0.569782875710805 0.5697828247309257
0.5634765625 0.5690699731281974 0.569226718814891 0.569226667796352
0.564453125 0.5685142407325644 0.5686711047757492 0.5686710537186748
0.5654296875 0.567959051044349 0.5681160330635052 0.568115981968019
0.56640625 0.5674044035335635 0.5675615031488014 0.5675614520150271
0.5673828125 0.5668502976707377 0.5670075145027968 0.5670074633308579
0.568359375 0.5662967329269186 0.5664540665971671 0.5664540153871868
0.5693359375 0.5657437087736696 0.5659011589041032 0.5659011076562044
0.5703125 0.5651912246830704 0.5653487908963113 0.5653487396106169
0.5712890625 0.5646392801277158 0.5647969620470125 0.5647969107236451
0.572265625 0.5640878745807161 0.5642456718299418 0.5642456204690238
0.5732421875 0.5635370075156958 0.563694919719348 0.5636948683210017
0.57421875 0.5629866784067937 0.5631447051899933 0.5631446537543404
0.5751953125 0.5624368867286621 0.5625950277171521 0.5625949762443145
0.576171875 0.5618876319564662 0.5620458867766113 0.5620458352667107
0.5771484375 0.5613389135658837 0.5614972818446694 0.5614972302978273
0.578125 0.5607907310331045 0.5609492123981362 0.5609491608144737
0.5791015625 0.56024308383483 0.560401677914332 0.56040162629397
0.580078125 0.5596959714482725 0.5598546778710873 0.5598546262141466
0.5810546875 0.5591493933511551 0.5593082117467425 0.5593081600533437
0.58203125 0.5586033490217106 0.5587622790201469 0.5587622272904104
0.5830078125 0.5580578379386816 0.5582168791706584 0.5582168274047045
0.583984375 0.5575128595813196 0.5576720116781436 0.5576719598760922
0.5849609375 0.5569684134293847 0.5571276760229764 0.5571276241849473
0.5859375 0.5564244989631452 0.5565838716860381 0.5565838198121508
0.5869140625 0.5558811156633765 0.5560405981487163 0.5560405462390903
0.587890625 0.5553382630113615 0.5554978548929054 0.5554978029476598
0.5888671875 0.5547959404888895 0.5549556414010051 0.5549555894202589
0.58984375 0.5542541475782558 0.5544139571559203 0.5544139051397925
0.5908203125 0.5537128837622614 0.5538728016410611 0.55387274958967
0.591796875 0.5531721485242123 0.5533321743403412 0.5533321222538055
0.5927734375 0.552631941347919 0.5527920747381785 0.5527920226166162
0.59375 0.5520922617176964 0.552252502319494 0.5522524501630232
0.5947265625 0.5515531091183627 0.5517134565697114 0.5517134043784498
0.595703125 0.5510144830352394 0.5511749369747568 0.5511748847488221
0.5966796875 0.5504763829541502 0.550636943021058 0.5506368907605677
0.59765625 0.5499388083614216 0.5500994741955442 0.5500994219006152
0.5986328125 0.5494017587438812 0.5495625299856451 0.5495624776563947
0.599609375 0.5488652335888579 0.5490261098792911 0.5490260575158359
0.6005859375 0.5483292323841812 0.5484902133649121 0.5484901609673689
0.6015625 0.547793754618181 0.5479548399314376 0.5479547874999228
0.6025390625 0.5472587997796867 0.5474199890682957 0.5474199366029255
0.603515625 0.5467243673580269 0.5468856602654131 0.5468856077663037
0.6044921875 0.5461904568430288 0.5463518530132142 0.5463518004804814
0.60546875 0.545657067725018 0.545818566802621 0.5458185142363803
0.6064453125 0.5451241994948177 0.5452858011250521 0.545285748525419
0.607421875 0.5445918516437486 0.5447535554724228 0.5447535028395125
0.6083984375 0.5440600236636277 0.544221829337144 0.5442217766710717
0.609375 0.5435287150467687 0.5436906222121225 0.5436905695130031
0.6103515625 0.5429979252859808 0.5431599335907598 0.5431598808587079
0.611328125 0.5424676538745687 0.5426297629669518 0.542629710202082
0.6123046875 0.5419379003063318 0.5421001098350885 0.5421000570375151
0.61328125 0.5414086640755639 0.5415709736900535 0.5415709208598906
0.6142578125 0.5408799446770526 0.5410423540272233 0.5410423011645848
0.615234375 0.5403517416060789 0.5405142503424671 0.5405141974474669
0.6162109375 0.5398240543584167 0.5399866621321462 0.5399866092048976
0.6171875 0.5392968824303324 0.5394595888931132 0.5394595359337296
0.6181640625 0.538770225318584 0.5389330301227121 0.5389329771313067
0.619140625 0.5382440825204213 0.5384069853187774 0.5384069322954632
0.6201171875 0.5377184535335849 0.5378814539796338 0.5378814009245236
0.62109375 0.5371933378563061 0.5373564356040959 0.5373563825173021
0.6220703125 0.5366687349873058 0.5368319296914669 0.5368318765731022
0.623046875 0.5361446444257948 0.5363079357415393 0.5363078825917158
0.6240234375 0.5356210656714727 0.5357844532545938 0.5357844000734233
0.625 0.535097998224528 0.5352614817313984 0.5352614285189929
0.6259765625 0.5345754415856369 0.534739020673209 0.5347389674296801
0.626953125 0.5340533952559634 0.5342170695817678 0.534217016307227
0.6279296875 0.5335318587371588 0.5336956279593037 0.5336955746538622
0.62890625 0.5330108315313608 0.5331746953085312 0.5331746419723002
0.6298828125 0.5324903131411934 0.5326542711326505 0.5326542177657408
0.630859375 0.5319703030697664 0.5321343549353464 0.5321343015378689
0.6318359375 0.5314508008206749 0.5316149462207885 0.5316148927928535
0.6328125 0.5309318058979984 0.53109604449363 0.5310959910353479
0.6337890625 0.5304133178063011 0.5305776492590077 0.5305775957704887
0.634765625 0.5298953360506309 0.5300597600225417 0.5300597065038957
0.6357421875 0.5293778601365189 0.5295423762903344 0.5295423227416711
0.63671875 0.5288608895699793 0.5290254975689702 0.5290254439903993
0.6376953125 0.5283444238575087 0.5285091233655154 0.5285090697571463
0.638671875 0.5278284625060853 0.5279932531875172 0.5279931995494591
0.6396484375 0.5273130050231691 0.5274778865430036 0.5274778328753656
0.640625 0.5267980509167012 0.5269630229404829 0.5269629692433738
0.6416015625 0.5262835996951029 0.5264486618889429 0.5264486081624714
0.642578125 0.5257696508672756 0.5259348028978509 0.5259347491421253
0.6435546875 0.5252562039426005 0.5254214454771527 0.5254213916922815
0.64453125 0.5247432584309378 0.5249085891372729 0.5249085353233641
0.6455078125 0.5242308138426264 0.5243962333891135 0.524396179546275
0.646484375 0.5237188696884831 0.523884377744054 0.5238843238723938
0.6474609375 0.5232074254798029 0.5233730217139513 0.5233729678135767
0.6484375 0.5226964807283578 0.5228621648111381 0.5228621108821565
0.6494140625 0.5221860349463966 0.5223518065484235 0.5223517525909421
0.650390625 0.5216760876466443 0.5218419464390921 0.521841892453218
0.6513671875 0.5211666383423019 0.5213325839969034 0.5213325299827434
0.65234375 0.5206576865470458 0.5208237187360918 0.5208236646937525
0.6533203125 0.5201492317750273 0.5203153501713655 0.5203152961009535
0.654296875 0.519641273540872 0.5198074778179068 0.5198074237195283
0.6552734375 0.5191338113596797 0.5193001011913708 0.5193000470651319
0.65625 0.5186268447470238 0.5187932198078856 0.5187931656538922
0.6572265625 0.5181203732189505 0.5182868331840516 0.5182867790024095
0.658203125 0.5176143962919789 0.5177809408369409 0.5177808866277557
0.6591796875 0.5171089134831001 0.5172755422840972 0.5172754880474743
0.66015625 0.5166039243097768 0.516770637043535 0.5167705827795795
0.6611328125 0.516099428289943 0.5162662246337392 0.5162661703425563
0.662109375 0.5155954249420036 0.5157623045736647 0.5157622502553592
0.6630859375 0.5150919137848337 0.515258876382736 0.5152588220374126
0.6640625 0.5145888943377781 0.5147559395808469 0.5147558852086099
0.6650390625 0.5140863661206514 0.5142534936883594 0.5142534392893132
0.666015625 0.5135843286537367 0.5137515382261039 0.5137514838003527
0.6669921875 0.5130827814577857 0.5132500727153785 0.5132500182630263
0.66796875 0.5125817240540184 0.5127490966779484 0.512749042199099
0.6689453125 0.5120811559641218 0.512248609636046 0.5122485551308029
0.669921875 0.5115810767102507 0.5117486111123696 0.5117485565808363
0.6708984375 0.5110814858150258 0.5112491006300836 0.5112490460723633
0.671875 0.5105823828015346 0.5107500777128178 0.5107500231290136
0.6728515625 0.5100837671933299 0.5102515418846669 0.5102514872748818
0.673828125 0.5095856385144302 0.5097534926701904 0.509753438034527
0.6748046875 0.5090879962893184 0.5092559295944116 0.5092558749329723
0.67578125 0.5085908400429422 0.5087588521828172 0.5087587974957046
0.6767578125 0.5080941693007127 0.5082622599613578 0.5082622052486739
0.677734375 0.5075979835885049 0.507766152456446 0.507766097718293
0.6787109375 0.5071022824326568 0.5072705291949569 0.5072704744314366
0.6796875 0.5066070653599686 0.5067753897042275 0.5067753349154416
0.6806640625 0.506112331897703 0.5062807335120562 0.5062806786981061
0.681640625 0.5056180815735841 0.505786560146702 0.5057865053076892
0.6826171875 0.5051243139157974 0.5052928691368848 0.5052928142729103
0.68359375 0.504631028452989 0.504799660011784 0.5047996051229489
0.6845703125 0.5041382247142654 0.5043069323010391 0.5043068773874441
0.685546875 0.5036459022291929 0.5038146855347483 0.503814630596494
0.6865234375 0.5031540605277972 0.5033229192434686 0.5033228642806556
0.6875 0.502662699140563 0.5028316329582154 0.5028315779709439
0.6884765625 0.5021718175984335 0.5023408262104616 0.5023407711988317
0.689453125 0.5016814154328101 0.5018504985321375 0.5018504434962491
0.6904296875 0.5011914921755515 0.5013606494556303 0.5013605943955831
0.69140625 0.5007020473589738 0.5008712785137837 0.5008712234296774
0.6923828125 0.5002130805158498 0.5003823852398971 0.5003823301318312
0.693359375 0.49972459117940854 0.4998939691677258 0.4998939140357995
0.6943359375 0.4992365788833349 0.49940602983148014 0.4994059746757925
0.6953125 0.49874904316176916 0.4989185667658249 0.4989185115864748
0.6962890625 0.4982619835493065 0.4984315795058792 0.49843152430296545
0.697265625 0.49777539958099665 0.4979450675872159 0.49794501236083705
0.6982421875 0.49728929079234335 0.4974590305458612 0.49745897529611566
0.69921875 0.49680365671930393 0.4969734679182942 0.4969734126452802
0.7001953125 0.496318496898289 0.4964883792414464 0.496488323945262
0.701171875 0.49583381086616174 0.49600376405270125 0.49600370873344435
0.7021484375 0.49534959816023777 0.49551962188989385 0.49551956654766216
0.703125 0.4948658583182844 0.4950359522913103 0.4950358969262014
0.7041015625 0.49438259087852043 0.4945527547956875 0.4945526994077988
0.705078125 0.49389979537961565 0.4940700289422125 0.49406997353164117
0.7060546875 0.49341747136069025 0.4935877742705222 0.4935877188373653
0.70703125 0.49293561836131455 0.49310599032070274 0.49310593486505716
0.7080078125 0.4924542359215086 0.4926246766332893 0.49262462115525174
0.708984375 0.4919733235817415 0.4921438327492655 0.4921437772489325
0.7099609375 0.4914928808829312 0.4916634582100629 0.4916634026875309
0.7109375 0.49101290736644393 0.49118355255756085 0.491183497012926
0.7119140625 0.4905334025740939 0.4907041153340857 0.4907040597674441
0.712890625 0.4900543660481426 0.49022514608241063 0.4902250904938581
0.7138671875 0.48957579733129875 0.48974664434575504 0.48974658873538734
0.71484375 0.48909769596671737 0.4892686096677843 0.4892685540356969
0.7158203125 0.48862006149799986 0.48879104159260905 0.4887909859388974
0.716796875 0.4881428934691932 0.488313939664785 0.48831388398954434
0.7177734375 0.4876661914247897 0.48783730342931236 0.48783724773263776
0.71875 0.4871899549097264 0.4873611324316356 0.4873610767136219
0.7197265625 0.48671418346938483 0.48688542621764275 0.48688537047838465
0.720703125 0.48623887664959053 0.48641018433366506 0.48641012857325716
0.7216796875 0.48576403399661244 0.48593540632647675 0.4859353505450134
0.72265625 0.48528965505716265 0.48546109174329427 0.48546103594086976
0.7236328125 0.4848157393783959 0.48498724013177613 0.4849871843084845
0.724609375 0.48434228650790917 0.4845138510400223 0.4845137951959574
0.7255859375 0.4838692959937413 0.4840409240165739 0.48404086815182945
0.7265625 0.48339676738437243 0.48356845861041264 0.4835684027250823
0.7275390625 0.48292470022872364 0.4830964543709605 0.48309639846513763
0.728515625 0.4824530940761565 0.4826249108480793 0.4826248549218572
0.7294921875 0.48198194847647274 0.4821538275920702 0.4821537716455419
0.73046875 0.4815112629799137 0.4816832041536733 0.48168314818693175
0.7314453125 0.4810410371371599 0.4812130400840672 0.4812129840972052
0.732421875 0.4805712704993306 0.4807433349348686 0.48074327892797875
0.7333984375 0.4801019626179836 0.4802740882581319 0.48027403223130666
0.734375 0.47963311304511447 0.4798052996063487 0.4798052435596803
0.7353515625 0.47916472133315635 0.47933696853244745 0.479336912466028
0.736328125 0.4786967870349794 0.4788690945897929 0.4788690385037143
0.7373046875 0.47822930970389055 0.47840167733218575 0.4784016212265399
0.73828125 0.47776228889363287 0.47793471631386236 0.4779346601887408
0.7392578125 0.47729572415838517 0.47746821108949405 0.4774681549449883
0.740234375 0.4768296150527617 0.47700216121418687 0.47700210505038826
0.7412109375 0.4763639611318118 0.4765365662434812 0.4765365100604808
0.7421875 0.475898761951019 0.47607142573335104 0.47607136953123996
0.7431640625 0.4754340170663012 0.4756067392402041 0.4756066830190731
0.744140625 0.4749697260340099 0.4751425063208808 0.4751424500808206
0.7451171875 0.4745058884109298 0.47467872653265425 0.4746786702737554
0.74609375 0.4740425037542785 0.4742153994332297 0.4742153431555825
0.7470703125 0.47357957162170594 0.4737525245807441 0.4737524682844388
0.748046875 0.4731170915712941 0.4732901015337658 0.47329004521889234
0.7490234375 0.47265506316155653 0.47282812985129374 0.4728280735179421
0.75 0.47219348595143784 0.4723666090927576 0.47236655274101746
0.7509765625 0.4717323595003134 0.47190553881801695 0.4719054824479779
0.751953125 0.47127168336798886 0.47144491858736104 0.4714448621991125
0.7529296875 0.4708114571146998 0.4709847479615083 0.47098469155513956
0.75390625 0.47035168030111124 0.47052502650160594 0.470524970077206
0.7548828125 0.4698923524883172 0.4700657537692295 0.4700656973268873
0.755859375 0.4694334732378403 0.4696069293263824 0.4696068728661868
0.7568359375 0.4689750421116315 0.46914855273549577 0.46914849625753535
0.7578125 0.46851705867206933 0.4686906235594277 0.4686905670637909
0.7587890625 0.46805952248195987 0.46823314136146293 0.46823308484823817
0.759765625 0.4676024331045361 0.46777610570531264 0.46777604917458804
0.7607421875 0.4671457901034574 0.4673195161551137 0.4673194596069773
0.76171875 0.4666895930428095 0.4668633722754285 0.46686331570996814
0.7626953125 0.4662338414871036 0.46640767363124447 0.46640761704854783
0.763671875 0.46577853500127636 0.46595241978797364 0.4659523631881282
0.7646484375 0.4653236731506892 0.46549761031145215 0.4654975536945454
0.765625 0.46486925550112795 0.46504324476794 0.4650431881340591
0.7666015625 0.46441528161880263 0.4645893227241206 0.4645892660733526
0.767578125 0.46396175107034676 0.4641358437471002 0.46413578707953207
0.7685546875 0.4635086634228171 0.4636828074044077 0.46368275072012616
0.76953125 0.46305601824369325 0.46323021326399405 0.46323015656308575
0.7705078125 0.4626038151008771 0.4627780608942319 0.46277800417678333
0.771484375 0.4621520535626927 0.4623263498639153 0.4623262931300128
0.7724609375 0.46170073319788535 0.46187507974225916 0.4618750229919888
0.7734375 0.4612498535756218 0.4614242500988988 0.46142419333234663
0.7744140625 0.46079941426548937 0.4609738605038898 0.4609738037211416
0.775390625 0.46034941483749575 0.4605239105277071 0.4605238537288487
0.7763671875 0.4598998548620685 0.46007439974124514 0.46007434292636207
0.77734375 0.4594507339100548 0.45962532771581716 0.4596252708849948
0.7783203125 0.4590020515527208 0.4591766940231548 0.45917663717647833
0.779296875 0.45855380736175133 0.45872849823540773 0.45872844137296226
0.7802734375 0.45810600090924963 0.4582807399251432 0.4582806830470137
0.78125 0.4576586317677367 0.4578334186653457 0.457833361771617
0.7822265625 0.457211699510151 0.45738653402941665 0.45738647712017333
0.783203125 0.45676520370984813 0.4569400855911736 0.45694002866650024
0.7841796875 0.45631914394060025 0.45649407292485034 0.45649401598483125
0.78515625 0.45587351977659574 0.45604849560509614 0.4560484386498155
0.7861328125 0.4554283307924389 0.4556033532069754 0.45560329623651724
0.787109375 0.4549835765631494 0.45515864530596745 0.4551585883204156
0.7880859375 0.45453925666416195 0.4547143714779658 0.45471431447740407
0.7890625 0.4540953706713259 0.454270531299278 0.45427047428379
0.7900390625 0.45365191816090467 0.45382712434662525 0.4538270673162944
0.791015625 0.45320889870957565 0.4533841501971418 0.4533840931520514
0.7919921875 0.45276631189442956 0.45294160842837466 0.45294155136860786
0.79296875 0.45232415729297015 0.4524994986182832 0.452499441543923
0.7939453125 0.4518824344831137 0.4520578203452388 0.4520577632563681
0.794921875 0.4514411430431888 0.4516165731880243 0.45161651608472575
0.7958984375 0.45100028255193564 0.4511757567258337 0.4511756996081899
0.796875 0.450559852588506 0.45073537053827184 0.45073531340636513
0.7978515625 0.4501198527324625 0.45029541420535374 0.45029535705926643
0.798828125 0.44968028256377846 0.4498558873075045 0.44985583014731867
0.7998046875 0.44924114166283724 0.4494167894255586 0.4494167322513563
0.80078125 0.44880242961043215 0.44897812014075994 0.44897806295262294
0.8017578125 0.4483641459877657 0.4485398790347609 0.44853982183277086
0.802734375 0.44792629037644954 0.44810206568962224 0.4481020084738607
0.8037109375 0.44748886235850377 0.4476646796878128 0.4476646224583612
0.8046875 0.4470518615163568 0.4472277206122089 0.4472276633691484
0.8056640625 0.44661528743284473 0.4467911880460939 0.4467911307895056
0.806640625 0.4461791396912111 0.44635508157315806 0.4463550243031229
0.8076171875 0.4457434178751064 0.4459194007774979 0.44591934349409673
0.80859375 0.44530812156858773 0.445484145243616 0.4454840879469294
0.8095703125 0.4448732503561184 0.4450493145564204 0.4450492572465289
0.810546875 0.4444388038225675 0.4446149083012243 0.4446148509782083
0.8115234375 0.44400478155320955 0.44418092606374576 0.4441808687276855
0.8125 0.443571183133724 0.4437473674301071 0.44374731008108265
0.8134765625 0.443138008150195 0.4433142319868348 0.44331417462492606
0.814453125 0.44270525618911083 0.44288151932085873 0.4428814619461455
0.8154296875 0.44227292683736363 0.44244922901951206 0.44244917163207403
0.81640625 0.44184101968224904 0.4420173606705307 0.44201730327044736
0.8173828125 0.44140953431146557 0.44158591386205304 0.44158585644940374
0.818359375 0.44097847031311455 0.4411548881826194 0.44115483075748335
0.8193359375 0.4405478272756994 0.44072428322117174 0.440724225783628
0.8203125 0.4401176047881255 0.4402940985670533 0.44029404111718085
0.8212890625 0.4396878024396996 0.43986433381000817 0.4398642763478857
0.822265625 0.4392584198201296 0.43943498854018076 0.439434931065887
0.8232421875 0.438829456519524 0.4390060623481156 0.4390060048617291
0.82421875 0.43840091212839166 0.438577554824757 0.43857749732635604
0.8251953125 0.4379727862376413 0.43814946556144835 0.4381494080511112
0.826171875 0.4375450784385811 0.437721794149932 0.4377217366277367
0.8271484375 0.4371177883229184 0.43729454018234887 0.4372944826483734
0.828125 0.43669091548275935 0.43686770325123786 0.43686764570556
0.8291015625 0.4362644595106082 0.4364412829495357 0.4364412253922332
0.830078125 0.4358384199993674 0.4360152788705764 0.43601522130172665
0.8310546875 0.4354127965423368 0.4355896906080909 0.4355896330277713
0.83203125 0.4349875887332134 0.4351645177562066 0.4351644601644945
0.8330078125 0.4345627961660911 0.43473975990944735 0.43473970230641973
0.833984375 0.43413841843546014 0.43431541666273243 0.4343153590484663
0.8349609375 0.43371445513620677 0.4338914876113768 0.43389142998594893
0.8359375 0.4332909058636128 0.43346797235109025 0.43346791471457735
0.8369140625 0.4328677702133554 0.43304487047797724 0.43304481283045587
0.837890625 0.4324450477815064 0.4326221815885365 0.43262212393008304
0.8388671875 0.43202273816453224 0.43219990527966057 0.4321998476103513
0.83984375 0.43160084095929346 0.4317780411486355 0.43177798346854657
0.8408203125 0.43117935576304417 0.43135658879314037 0.4313565311023478
0.841796875 0.4307582821734318 0.43093554781124704 0.4309354901098266
0.8427734375 0.43033761978849683 0.4305149178014196 0.43051486008944706
0.84375 0.42991736820667215 0.4300946983625141 0.43009464064006503
0.8447265625 0.42949752702678284 0.4296748890937782 0.429674831360928
0.845703125 0.42907809584804574 0.42925548959485066 0.4292554318516746
0.8466796875 0.4286590742700691 0.42883649946576097 0.42883644171233426
0.84765625 0.42824046189285225 0.42841791830692916 0.4284178605433268
0.8486328125 0.427822258316785 0.4279997457191652 0.42799968794546217
0.849609375 0.4274044631426475 0.4275819813036688 0.4275819235199398
0.8505859375 0.4269870759716098 0.4271646246620288 0.4271645668683484
0.8515625 0.42657009640523125 0.426747675396223 0.4267476175926657
0.8525390625 0.42615352404546053 0.4263311331086177 0.4263310752952578
0.853515625 0.4257373584946349 0.42591499740196725 0.42591493957887905
0.8544921875 0.42532159935548 0.4254992678794139 0.4254992100466714
0.85546875 0.4249062462311094 0.42508394414448714 0.4250838863021643
0.8564453125 0.42449129872502434 0.42466902580110344 0.4246689679492741
0.857421875 0.4240767564411132 0.424254512453566 0.4242544545923038
0.8583984375 0.42366261898365115 0.4238404037065641 0.4238403458359426
0.859375 0.4232488859572999 0.42342669916517306 0.4234266412852656
0.8603515625 0.42283555696710723 0.4230133984348535 0.42301334054573336
0.861328125 0.4224226316185065 0.42260050112145126 0.42260044322319157
0.8623046875 0.42201010951731655 0.42218800683119684 0.4221879489238706
0.86328125 0.42159799026974104 0.4217759151707052 0.42177585725438527
0.8642578125 0.42118627348236826 0.4213642257469751 0.4213641678217342
0.865234375 0.42077495876217064 0.420952938167389 0.4209528802332998
0.8662109375 0.42036404571650443 0.4205420520397127 0.42054199409684756
0.8671875 0.4199535339531094 0.42013156697209464 0.42013150902052593
0.8681640625 0.41954342308010834 0.4197214825730659 0.4197214246128658
0.869140625 0.4191337127060067 0.41931179845153965 0.41931174048278025
0.8701171875 0.4187244024396922 0.4189025142168107 0.4189024562395639
0.87109375 0.4183154918904347 0.4184936294785553 0.4184935714928929
0.8720703125 0.41790698066788545 0.41808514384683065 0.41808508585282433
0.873046875 0.41749886838207695 0.41767705693207463 0.41767699892979593
0.8740234375 0.41709115464342256 0.41726936834510525 0.4172693103346256
0.875 0.4166838390627161 0.4168620776971205 0.41686201967851116
0.8759765625 0.4162769212511314 0.41645518459969794 0.41645512657302997
0.876953125 0.4158704008202221 0.41604868866479405 0.4160486306301385
0.8779296875 0.4154642773819211 0.4156425895047442 0.415642531462172
0.87890625 0.4150585505485403 0.41523688673226217 0.41523682868184403
0.8798828125 0.4146532199327702 0.41483157996043973 0.41483152190224626
0.880859375 0.41424828514767964 0.4144266688027463 0.414426610736848
0.8818359375 0.4138437458067151 0.4140221528730287 0.41402209479949587
0.8828125 0.41343960152370074 0.41361803178551043 0.41361797370441333
0.8837890625 0.41303585191283776 0.41321430515479174 0.41321424706620047
0.884765625 0.41263249658870416 0.41281097259584904 0.41281091449983354
0.8857421875 0.41222953516625427 0.41240803372403445 0.4124079756206646
0.88671875 0.41182696726081847 0.41200548815507565 0.41200543004442114
0.8876953125 0.4114247924881028 0.41160333550507533 0.41160327738720576
0.888671875 0.41102301046418865 0.41120157539051094 0.41120151726549575
0.8896484375 0.4106216208055322 0.4108002074282343 0.41080014929614284
0.890625 0.4102206231289643 0.4103992312354712 0.4103991730963726
0.8916015625 0.4098200170516899 0.4099986464298209 0.4099985882837843
0.892578125 0.4094198021912879 0.4095984526292562 0.40959839447635055
0.8935546875 0.40901997816571045 0.4091986494521226 0.40919859129241665
0.89453125 0.408620544593283 0.4087992365171381 0.40879917835070056
0.8955078125 0.4082215010927036 0.40840021344339306 0.40840015527029244
0.896484375 0.40782284728304274 0.4080015798503494 0.4080015216706542
0.8974609375 0.4074245827837429 0.40760333535784066 0.4076032771716191
0.8984375 0.40702670721461814 0.4072054795860714 0.4072054213933916
0.8994140625 0.40662922019585385 0.4068080121556168 0.4068079539565469
0.900390625 0.40623212134800635 0.4064109326874225 0.4064108744820304
0.9013671875 0.40583541029200243 0.4060142408028041 0.4060141825911576
0.90234375 0.40543908664913914 0.40561793612344693 0.40561787790561366
0.9033203125 0.4050431500410833 0.40522201827140536 0.40522196004745287
0.904296875 0.40464760008987133 0.40482648686910283 0.4048264286390985
0.9052734375 0.4042524364179086 0.4044313415393313 0.40443128330334244
0.90625 0.40385765864796924 0.4040365819052509 0.40403652366334464
0.9072265625 0.40346326640319585 0.40364220759038955 0.403642149342633
0.908203125 0.40306925930709897 0.40324821821864276 0.40324815996510277
0.9091796875 0.4026756369835569 0.40285461341427303 0.40285455515501645
0.91015625 0.4022823990568152 0.4024613928019097 0.4024613345370031
0.9111328125 0.4018895451514863 0.4020685560065484 0.4020684977360584
0.912109375 0.40149707489254927 0.4016761026535509 0.4016760443775439
0.9130859375 0.4011049879053495 0.4012840323686446 0.40128397408718686
0.9140625 0.4007132838155982 0.40089234477792224 0.4008922864910799
0.9150390625 0.400321962249372 0.4005010395078415 0.4005009812156806
0.916015625 0.3999310228331128 0.40011011618522463 0.4001100578878112
0.9169921875 0.39954046519362735 0.39971957443725825 0.399719516134658
0.91796875 0.3991502889580867 0.39932941389149285 0.3993293555837714
0.9189453125 0.39876049375402606 0.39893963417584233 0.3989395758630653
0.919921875 0.3983710792093444 0.39855023491858393 0.3985501766008167
0.9208984375 0.397982044952304 0.39816121574835767 0.39816115742566555
0.921875 0.39759339061153026 0.397772576294166 0.3977725179666142
0.9228515625 0.3972051158160112 0.3973843161853736 0.39738425785302717
0.923828125 0.39681722019509713 0.3969964350517069 0.3969963767146307
0.9248046875 0.39642970337850036 0.39660893252325363 0.3966088741815125
0.92578125 0.3960425649962948 0.3962218082304627 0.39622174988412134
0.9267578125 0.3956558046789156 0.3958350618041437 0.39583500345326667
0.927734375 0.3952694220571588 0.3954486928754666 0.3954486345201183
0.9287109375 0.39488341676218114 0.3950627010759613 0.3950626427162061
0.9296875 0.3944977884254993 0.3946770860375175 0.3946770276734196
0.9306640625 0.39411253667899004 0.3942918473923841 0.3942917890240076
0.931640625 0.39372766115488944 0.393906984773169 0.3939069264005778
0.9326171875 0.39334316148579285 0.39352249781283866 0.3935224394360966
0.93359375 0.39295903730465437 0.39313838614471786 0.3931383277638887
0.9345703125 0.39257528824478655 0.3927546494024892 0.39275459101763655
0.935546875 0.39219191393985997 0.392371287220193 0.39237122883138026
0.9365234375 0.39180891402390305 0.39198829923222656 0.39198824083951717
0.9375 0.3914262881313016 0.39160568507334426 0.39160562667680143
0.9384765625 0.39104403589679837 0.3912234443786568 0.39122338597834366
0.939453125 0.3906621569554929 0.39084157678363124 0.39084151837961073
0.9404296875 0.39028065094284103 0.39046008192409026 0.3904600235164253
0.94140625 0.3898995174946547 0.3900789594362121 0.39007890102496545
0.9423828125 0.3895187562471013 0.3896982089565302 0.3896981505417645
0.943359375 0.3891383668367037 0.3893178301219326 0.38931777170371035
0.9443359375 0.3887583489003398 0.3889378225696619 0.38893776414804554
0.9453125 0.3883787020752418 0.3885581859373148 0.3885581275123665
0.9462890625 0.38799942599899645 0.38817891986284153 0.3881788614346236
0.947265625 0.3876205203095443 0.387800023984546 0.3877999655531204
0.9482421875 0.3872419846451795 0.387421497941085 0.3874214395065137
0.94921875 0.38686381864454944 0.387043341371468 0.3870432829338128
0.9501953125 0.3864860219466544 0.3866655539150569 0.3866654954743795
0.951171875 0.3861085941908471 0.38628813521156563 0.3862880767679276
0.9521484375 0.3857315350168326 0.38591108490105974 0.3859110264545225
0.953125 0.38535484406466775 0.3855344026239561 0.38553434417458105
0.9541015625 0.3849785209747608 0.3851580880210226 0.3851580295688709
0.955078125 0.3846025653878714 0.3847821407333777 0.3847820822785105
0.9560546875 0.3842269769451098 0.38440656040249027 0.3844065019449686
0.95703125 0.38385175528793686 0.3840313466701791 0.38403128821006377
0.9580078125 0.3834769000581635 0.3836564991786125 0.38365644071596433
0.958984375 0.38310241089795044 0.38328201757030816 0.3832819591051878
0.9599609375 0.3827282874498079 0.3829079014881327 0.38290784302060066
0.9609375 0.3823545293565952 0.38253415057530127 0.38253409210541794
0.9619140625 0.3819811362615204 0.38216076447537733 0.382160706003203
0.962890625 0.38160810780814003 0.38178774283227224 0.38178768435786714
0.9638671875 0.38123544364035866 0.3814150852902449 0.38141502681366907
0.96484375 0.3808631434024286 0.3810427914939015 0.38104273301521485
0.9658203125 0.38049120673894965 0.3806708610881951 0.38067080260745745
0.966796875 0.38011963329486864 0.38029929371842525 0.38029923523569636
0.9677734375 0.3797484227154791 0.37992808903023784 0.3799280305455773
0.96875 0.379377574646421 0.37955724666962454 0.3795571881830918
0.9697265625 0.3790070887336804 0.3791867662829226 0.3791867077945771
0.970703125 0.3786369646235889 0.3788166475168145 0.37881658902671544
0.9716796875 0.3782672019628237 0.37844689001832754 0.37844683152653413
0.97265625 0.37789780039840687 0.3780774934348336 0.37807743494140483
0.9736328125 0.3775287595777053 0.3777084574140487 0.3777083989190435
0.974609375 0.3771600791484302 0.37733978160403275 0.37733972310750996
0.9755859375 0.3767917587586368 0.3769714656531892 0.3769714071552075
0.9765625 0.37642379805672405 0.37660350921026464 0.37660345071088264
0.9775390625 0.37605619669143425 0.3762359119243486 0.3762358534236247
0.978515625 0.3756889543118528 0.375868673444873 0.3758686149428656
0.9794921875 0.37532207056740763 0.3755017934216121 0.3755017349183794
0.98046875 0.37495554510786916 0.3751352715046819 0.375135213000282
0.9814453125 0.37458937758334976 0.37476910734453994 0.3747690488390309
0.982421875 0.37422356764430353 0.3744033005919849 0.37440324208542464
0.9833984375 0.3738581149415259 0.37403785089815644 0.3740377923906027
0.984375 0.3734930191261533 0.3736727579145346 0.3736726994060451
0.9853515625 0.3731282798496629 0.37330802129293966 0.373307962783572
0.986328125 0.3727638967638722 0.37294364068553176 0.3729435821753434
0.9873046875 0.37239986952093873 0.3725796157448106 0.3725795572338589
0.98828125 0.37203619777335967 0.37221594612361497 0.3722158876119571
0.9892578125 0.3716728811739716 0.3718526314751226 0.37185257296281576
0.990234375 0.37130991937595015 0.3714896714528497 0.3714896129399509
0.9912109375 0.37094731203280956 0.3711270657106508 0.37112700719721686
0.9921875 0.37058505879840253 0.3707648139027181 0.3707647553888058
0.9931640625 0.37022315932691974 0.37040291568358147 0.37040285716924753
0.994140625 0.3698616132728895 0.37004137070810794 0.37004131219340897
0.9951171875 0.3695004202911777 0.36968017863150143 0.36968012011649387
0.99609375 0.3691395800369871 0.3693193391093024 0.3693192805940426
0.9970703125 0.36877909216585725 0.36895885179738763 0.3689587932819318
0.998046875 0.368418956333664 0.3685987163519696 0.36859865783637397
0.9990234375 0.36805917219661943 0.36823893242959654 0.3682388739139171
1.0 0.36769973941127115 0.36787949968715183 0.36787944117144444
