# allotrope, n_atoms, n_G, cell_time (s), G_time (s), U_time (s), E_time (s), total_time (s)
(4,0)-CNT 16 1097 0.002702235011383891 0.34766317199682817 2.5756333359749988 44.67290524399141 47.59890398697462
(5,0)-CNT 20 1717 0.0012257829657755792 0.38611464103451 7.034625786007382 127.09713979100343 134.5191060010111
(4,4)-CNT 16 1877 0.0011306710075587034 0.45167951803887263 6.426430299994536 156.08137172600254 162.9606122150435
(6,0)-CNT 24 2477 0.0014157299883663654 0.45057511900085956 16.662883360986598 229.92061527899932 247.03548948897514
(5,5)-CNT 20 2941 0.0003516999422572553 0.46518432500306517 19.96247647103155 367.6604637140408 388.0884762100177
(7,0)-CNT 28 3349 0.00036088499473407865 0.5165316840284504 35.66127262002556 399.03921784699196 435.2173830360407
(6,6)-CNT 24 4249 0.0016043080249801278 0.6289560229633935 50.95739591302117 754.8654137440026 806.4533699880121
(8,0)-CNT 32 4401 0.00036584597546607256 0.6595087010064162 72.72028487297939 891.1501424739836 964.5303018939449
(9,0)-CNT 36 5557 0.00041393400169909 0.8364127390086651 134.29479095397983 2100.8920332160196 2236.02365084301
(7,7)-CNT 28 5833 0.0003701660316437483 0.8975815789890476 118.49331691698171 2866.97864383203 2986.369912494032
(10,0)-CNT 40 6849 0.0003939360030926764 1.1162846619845368 248.92375635297503 4339.7508427699795 4589.791277720942
(8,8)-CNT 32 7589 0.0017403009696863592 1.3562950379564427 246.60778404399753 6202.385291333019 6450.351110715943
(9,9)-CNT 36 9621 0.0014689210220240057 1.9311698799720034 497.59820333798416 14696.229654074006 15195.760496212984
