# allotrope, n_atoms, n_G, cell_time (s), G_time (s), U_time (s), E_time (s), total_time (s)
(4,0)-CNT 16 1097 3.255966422962956 3.526202619075775 0.3256297360640019 3.865012116963044 10.972810895065777
(5,0)-CNT 20 1717 3.1671962800901383 3.3066286840476096 6.231401272001676 27.337819224921986 40.04304546106141
(4,4)-CNT 16 1877 3.344577616007882 2.489368452996132 0.845685649997904 10.482834000998992 17.16246572000091
(6,0)-CNT 24 2477 3.327401372953318 2.4396108160726726 1.1287338790716603 12.359632216976024 19.255378285073675
(5,5)-CNT 20 2941 0.8932945640990511 2.027109068003483 1.2333571610506624 16.821332416962832 20.97509321011603
(7,0)-CNT 28 3349 21.31999267102219 23.674296999990474 9.911558383959346 19.48103489400819 74.3868829489802
(6,6)-CNT 24 4249 0.9113736680010334 1.7955606509931386 3.60108182602562 42.3427388460841 48.650754991103895
(8,0)-CNT 32 4401 20.726601196918637 24.345627296948805 11.79215907107573 32.19039993500337 89.05478749994654
(9,0)-CNT 36 5557 2.902143288985826 2.5576651570154354 11.439041455974802 80.62886215699837 97.52771205897443
(7,7)-CNT 28 5833 2.8846997779328376 2.476742624072358 10.235251683974639 90.2967857629992 105.89347984897904
(8,8)-CNT 32 7589 4.390417916001752 1.9587866259971634 14.445800154935569 108.11171383794863 128.9067185348831
(9,9)-CNT 36 9621 0.9423234010027954 4.174959686002694 105.00033736300247 604.835167348996 714.952787799004
(10,0)-CNT 40 6849 3.635473844013177 2.6023720509838313 22.949624771019444 138.67933116899803 167.86680183501448
(9,9)-CNT 36 9621 3.6960302949883044 3.3971874890848994 1782.6267014750047 2618.2836849159794 4408.003604175057
(9,9)-CNT 36 9621 3.8697135780239478 3.2621183899464086 1782.9575515249744 2618.114864865085 4408.20424835803
