#z x_HI x_HeI x_HeII [all fractions are volume weighted]
16.1067 9.9998e-01 7.8946e-02 3.8246e-07
16.0368 9.9998e-01 7.8946e-02 4.0601e-07
16.0194 9.9998e-01 7.8946e-02 4.0908e-07
16.0020 9.9998e-01 7.8946e-02 4.1182e-07
15.9672 9.9998e-01 7.8946e-02 4.1927e-07
15.9499 9.9997e-01 7.8946e-02 1.0331e-06
15.9325 9.9996e-01 7.8945e-02 1.8839e-06
15.9152 9.9995e-01 7.8944e-02 3.0215e-06
15.9066 9.9994e-01 7.8943e-02 3.4558e-06
15.8979 9.9993e-01 7.8942e-02 4.5433e-06
15.8806 9.9990e-01 7.8940e-02 6.4870e-06
15.8634 9.9988e-01 7.8938e-02 8.2368e-06
15.8461 9.9985e-01 7.8936e-02 1.0412e-05
15.8289 9.9982e-01 7.8934e-02 1.2850e-05
15.8117 9.9978e-01 7.8931e-02 1.5491e-05
15.7945 9.9975e-01 7.8928e-02 1.8260e-05
15.7773 9.9971e-01 7.8925e-02 2.1153e-05
15.7602 9.9967e-01 7.8923e-02 2.4142e-05
15.7430 9.9963e-01 7.8919e-02 2.7252e-05
15.7259 9.9959e-01 7.8916e-02 3.0460e-05
15.7173 9.9957e-01 7.8915e-02 3.1939e-05
15.7131 9.9956e-01 7.8914e-02 3.2682e-05
15.7088 9.9955e-01 7.8913e-02 3.3589e-05
15.6917 9.9949e-01 7.8908e-02 3.8187e-05
15.6746 9.9945e-01 7.8906e-02 4.0917e-05
15.6576 9.9941e-01 7.8902e-02 4.4304e-05
15.6406 9.9936e-01 7.8899e-02 4.7814e-05
15.6235 9.9932e-01 7.8895e-02 5.1344e-05
15.6150 9.9930e-01 7.8894e-02 5.3032e-05
15.6065 9.9928e-01 7.8892e-02 5.4873e-05
15.5896 9.9922e-01 7.8887e-02 5.9297e-05
15.5726 9.9918e-01 7.8884e-02 6.2306e-05
15.5556 9.9913e-01 7.8881e-02 6.5830e-05
15.5387 9.9909e-01 7.8877e-02 6.9468e-05
15.5303 9.9906e-01 7.8875e-02 7.1177e-05
15.5260 9.9906e-01 7.8874e-02 7.1994e-05
15.5218 9.9904e-01 7.8873e-02 7.2967e-05
15.5049 9.9897e-01 7.8868e-02 7.8094e-05
15.4880 9.9893e-01 7.8865e-02 8.1171e-05
15.4712 9.9889e-01 7.8862e-02 8.4849e-05
15.4543 9.9884e-01 7.8858e-02 8.8719e-05
15.4375 9.9878e-01 7.8854e-02 9.2657e-05
15.4207 9.9873e-01 7.8850e-02 9.6655e-05
15.4039 9.9868e-01 7.8846e-02 1.0068e-04
15.3871 9.9863e-01 7.8841e-02 1.0476e-04
15.3704 9.9857e-01 7.8837e-02 1.0891e-04
15.3536 9.9852e-01 7.8833e-02 1.1311e-04
15.3453 9.9849e-01 7.8831e-02 1.1507e-04
15.3369 9.9847e-01 7.8829e-02 1.1734e-04
15.3202 9.9839e-01 7.8824e-02 1.2262e-04
15.3035 9.9834e-01 7.8820e-02 1.2631e-04
15.2868 9.9829e-01 7.8816e-02 1.3051e-04
15.2702 9.9823e-01 7.8811e-02 1.3488e-04
15.2535 9.9817e-01 7.8807e-02 1.3930e-04
15.2369 9.9811e-01 7.8802e-02 1.4375e-04
15.2203 9.9806e-01 7.8798e-02 1.4821e-04
15.2037 9.9800e-01 7.8793e-02 1.5265e-04
15.1871 9.9794e-01 7.8789e-02 1.5712e-04
15.1706 9.9788e-01 7.8784e-02 1.6161e-04
15.1665 9.9787e-01 7.8783e-02 1.6267e-04
15.1623 9.9786e-01 7.8782e-02 1.6365e-04
15.1541 9.9782e-01 7.8779e-02 1.6652e-04
15.1375 9.9774e-01 7.8773e-02 1.7240e-04
15.1210 9.9769e-01 7.8770e-02 1.7615e-04
15.1045 9.9763e-01 7.8765e-02 1.8053e-04
15.0881 9.9757e-01 7.8761e-02 1.8512e-04
15.0799 9.9754e-01 7.8758e-02 1.8734e-04
15.0716 9.9751e-01 7.8756e-02 1.8976e-04
15.0552 9.9743e-01 7.8750e-02 1.9555e-04
15.0388 9.9738e-01 7.8746e-02 1.9958e-04
15.0224 9.9732e-01 7.8742e-02 2.0410e-04
15.0060 9.9726e-01 7.8737e-02 2.0885e-04
14.9978 9.9723e-01 7.8734e-02 2.1113e-04
14.9937 9.9721e-01 7.8733e-02 2.1221e-04
14.9896 9.9720e-01 7.8732e-02 2.1351e-04
14.9733 9.9710e-01 7.8725e-02 2.2028e-04
14.9569 9.9705e-01 7.8721e-02 2.2441e-04
14.9406 9.9699e-01 7.8716e-02 2.2914e-04
14.9243 9.9692e-01 7.8711e-02 2.3417e-04
14.9162 9.9689e-01 7.8709e-02 2.3659e-04
14.9080 9.9686e-01 7.8706e-02 2.3929e-04
14.8918 9.9677e-01 7.8700e-02 2.4570e-04
14.8755 9.9671e-01 7.8695e-02 2.5011e-04
14.8593 9.9664e-01 7.8690e-02 2.5507e-04
14.8431 9.9657e-01 7.8685e-02 2.6027e-04
14.8269 9.9650e-01 7.8680e-02 2.6555e-04
14.8107 9.9643e-01 7.8674e-02 2.7085e-04
14.7945 9.9636e-01 7.8669e-02 2.7618e-04
14.7784 9.9629e-01 7.8664e-02 2.8146e-04
14.7622 9.9622e-01 7.8659e-02 2.8672e-04
14.7461 9.9615e-01 7.8653e-02 2.9197e-04
14.7300 9.9608e-01 7.8648e-02 2.9723e-04
14.7139 9.9601e-01 7.8643e-02 3.0251e-04
14.6978 9.9594e-01 7.8637e-02 3.0784e-04
14.6818 9.9587e-01 7.8632e-02 3.1322e-04
14.6657 9.9579e-01 7.8626e-02 3.1870e-04
14.6497 9.9572e-01 7.8621e-02 3.2426e-04
14.6337 9.9564e-01 7.8615e-02 3.2990e-04
14.6177 9.9557e-01 7.8609e-02 3.3562e-04
14.6018 9.9549e-01 7.8603e-02 3.4142e-04
14.5858 9.9541e-01 7.8598e-02 3.4729e-04
14.5818 9.9540e-01 7.8596e-02 3.4865e-04
14.5778 9.9538e-01 7.8595e-02 3.4997e-04
14.5699 9.9533e-01 7.8591e-02 3.5382e-04
14.5539 9.9522e-01 7.8583e-02 3.6171e-04
14.5380 9.9515e-01 7.8578e-02 3.6676e-04
14.5222 9.9507e-01 7.8572e-02 3.7255e-04
14.5063 9.9499e-01 7.8566e-02 3.7861e-04
14.4904 9.9491e-01 7.8560e-02 3.8477e-04
14.4746 9.9483e-01 7.8554e-02 3.9090e-04
14.4588 9.9475e-01 7.8548e-02 3.9702e-04
14.4429 9.9467e-01 7.8541e-02 4.0313e-04
14.4272 9.9458e-01 7.8535e-02 4.0921e-04
14.4114 9.9450e-01 7.8529e-02 4.1532e-04
14.3956 9.9442e-01 7.8523e-02 4.2148e-04
14.3799 9.9433e-01 7.8517e-02 4.2772e-04
14.3641 9.9425e-01 7.8510e-02 4.3400e-04
14.3484 9.9417e-01 7.8504e-02 4.4034e-04
14.3327 9.9408e-01 7.8497e-02 4.4673e-04
14.3171 9.9399e-01 7.8491e-02 4.5317e-04
14.3014 9.9391e-01 7.8484e-02 4.5967e-04
14.2857 9.9382e-01 7.8478e-02 4.6620e-04
14.2779 9.9378e-01 7.8475e-02 4.6930e-04
14.2701 9.9374e-01 7.8471e-02 4.7288e-04
14.2545 9.9362e-01 7.8463e-02 4.8118e-04
14.2389 9.9354e-01 7.8457e-02 4.8694e-04
14.2233 9.9345e-01 7.8451e-02 4.9332e-04
14.2078 9.9337e-01 7.8444e-02 5.0002e-04
14.2000 9.9333e-01 7.8440e-02 5.0329e-04
14.1961 9.9331e-01 7.8439e-02 5.0484e-04
14.1922 9.9328e-01 7.8437e-02 5.0671e-04
14.1767 9.9314e-01 7.8427e-02 5.1653e-04
14.7461 9.9615e-01 7.8653e-02 2.9197e-04
14.7300 9.9608e-01 7.8648e-02 2.9723e-04
14.7139 9.9601e-01 7.8643e-02 3.0251e-04
14.6978 9.9594e-01 7.8637e-02 3.0784e-04
14.6818 9.9587e-01 7.8632e-02 3.1322e-04
14.6657 9.9579e-01 7.8626e-02 3.1870e-04
14.6497 9.9572e-01 7.8621e-02 3.2426e-04
14.6337 9.9564e-01 7.8615e-02 3.2990e-04
14.6177 9.9557e-01 7.8609e-02 3.3562e-04
14.6018 9.9549e-01 7.8603e-02 3.4142e-04
14.5858 9.9541e-01 7.8598e-02 3.4729e-04
14.5818 9.9540e-01 7.8596e-02 3.4865e-04
14.5778 9.9538e-01 7.8595e-02 3.4997e-04
14.5699 9.9533e-01 7.8591e-02 3.5382e-04
14.5539 9.9522e-01 7.8583e-02 3.6171e-04
14.5380 9.9515e-01 7.8578e-02 3.6676e-04
14.5222 9.9507e-01 7.8572e-02 3.7255e-04
14.5063 9.9499e-01 7.8566e-02 3.7861e-04
14.4904 9.9491e-01 7.8560e-02 3.8477e-04
14.4746 9.9483e-01 7.8554e-02 3.9090e-04
14.4588 9.9475e-01 7.8548e-02 3.9702e-04
14.4429 9.9467e-01 7.8541e-02 4.0313e-04
14.4272 9.9458e-01 7.8535e-02 4.0921e-04
14.4114 9.9450e-01 7.8529e-02 4.1532e-04
14.3956 9.9442e-01 7.8523e-02 4.2148e-04
14.3799 9.9433e-01 7.8517e-02 4.2772e-04
14.3641 9.9425e-01 7.8510e-02 4.3400e-04
14.3484 9.9417e-01 7.8504e-02 4.4034e-04
14.3327 9.9408e-01 7.8497e-02 4.4673e-04
14.3171 9.9399e-01 7.8491e-02 4.5317e-04
14.3014 9.9391e-01 7.8484e-02 4.5967e-04
14.2857 9.9382e-01 7.8478e-02 4.6620e-04
14.2779 9.9378e-01 7.8475e-02 4.6930e-04
14.2701 9.9374e-01 7.8471e-02 4.7288e-04
14.2545 9.9362e-01 7.8463e-02 4.8118e-04
14.2389 9.9354e-01 7.8457e-02 4.8694e-04
14.2233 9.9345e-01 7.8451e-02 4.9332e-04
14.2078 9.9337e-01 7.8444e-02 5.0002e-04
14.2000 9.9333e-01 7.8440e-02 5.0329e-04
14.1961 9.9331e-01 7.8439e-02 5.0484e-04
14.1922 9.9328e-01 7.8437e-02 5.0671e-04
14.1767 9.9314e-01 7.8427e-02 5.1653e-04
14.1611 9.9306e-01 7.8421e-02 5.2253e-04
14.1456 9.9297e-01 7.8414e-02 5.2922e-04
14.1302 9.9288e-01 7.8407e-02 5.3641e-04
14.1224 9.9283e-01 7.8404e-02 5.3993e-04
14.1147 9.9279e-01 7.8400e-02 5.4387e-04
14.0992 9.9266e-01 7.8390e-02 5.5324e-04
14.0838 9.9257e-01 7.8383e-02 5.5989e-04
14.0684 9.9247e-01 7.8376e-02 5.6717e-04
14.0529 9.9237e-01 7.8368e-02 5.7483e-04
14.0491 9.9235e-01 7.8367e-02 5.7670e-04
14.0452 9.9232e-01 7.8365e-02 5.7849e-04
14.0376 9.9226e-01 7.8360e-02 5.8354e-04
14.0222 9.9211e-01 7.8349e-02 5.9406e-04
14.0068 9.9202e-01 7.8342e-02 6.0087e-04
13.9915 9.9191e-01 7.8335e-02 6.0855e-04
13.9761 9.9181e-01 7.8326e-02 6.1659e-04
13.9608 9.9170e-01 7.8318e-02 6.2471e-04
13.9455 9.9159e-01 7.8310e-02 6.3286e-04
13.9302 9.9148e-01 7.8302e-02 6.4102e-04
13.9150 9.9138e-01 7.8294e-02 6.4913e-04
13.9073 9.9133e-01 7.8290e-02 6.5299e-04
13.9035 9.9131e-01 7.8288e-02 6.5489e-04
13.8997 9.9128e-01 7.8286e-02 6.5707e-04
13.8845 9.9112e-01 7.8274e-02 6.6840e-04
13.8693 9.9102e-01 7.8267e-02 6.7542e-04
13.8541 9.9092e-01 7.8259e-02 6.8305e-04
13.8389 9.9081e-01 7.8251e-02 6.9121e-04
13.8313 9.9076e-01 7.8247e-02 6.9519e-04
13.8237 9.9071e-01 7.8243e-02 6.9971e-04
13.8085 9.9056e-01 7.8232e-02 7.1037e-04
13.7934 9.9046e-01 7.8224e-02 7.1799e-04
13.7783 9.9035e-01 7.8216e-02 7.2621e-04
13.7631 9.9023e-01 7.8207e-02 7.3479e-04
13.7480 9.9012e-01 7.8199e-02 7.4349e-04
13.7330 9.9000e-01 7.8190e-02 7.5224e-04
13.7179 9.8988e-01 7.8181e-02 7.6104e-04
13.7028 9.8976e-01 7.8172e-02 7.6988e-04
13.6953 9.8971e-01 7.8168e-02 7.7419e-04
13.6878 9.8965e-01 7.8163e-02 7.7908e-04
13.6728 9.8949e-01 7.8151e-02 7.9059e-04
13.6578 9.8938e-01 7.8143e-02 7.9874e-04
13.6428 9.8926e-01 7.8134e-02 8.0758e-04
13.6278 9.8914e-01 7.8125e-02 8.1682e-04
13.6129 9.8901e-01 7.8115e-02 8.2620e-04
13.5979 9.8889e-01 7.8106e-02 8.3565e-04
13.5830 9.8876e-01 7.8096e-02 8.4514e-04
13.5681 9.8863e-01 7.8087e-02 8.5474e-04
13.5606 9.8857e-01 7.8082e-02 8.5939e-04
13.5569 9.8855e-01 7.8079e-02 8.6171e-04
13.5532 9.8852e-01 7.8077e-02 8.6440e-04
13.5383 9.8832e-01 7.8063e-02 8.7810e-04
13.5234 9.8820e-01 7.8054e-02 8.8695e-04
13.5086 9.8808e-01 7.8045e-02 8.9644e-04
13.4937 9.8794e-01 7.8034e-02 9.0655e-04
13.4900 9.8791e-01 7.8032e-02 9.0904e-04
13.4863 9.8789e-01 7.8030e-02 9.1141e-04
13.4789 9.8780e-01 7.8023e-02 9.1812e-04
13.4641 9.8761e-01 7.8009e-02 9.3192e-04
13.4493 9.8748e-01 7.8000e-02 9.4090e-04
13.4345 9.8735e-01 7.7990e-02 9.5084e-04
13.4272 9.8729e-01 7.7985e-02 9.5591e-04
13.4198 9.8722e-01 7.7979e-02 9.6157e-04
13.4050 9.8704e-01 7.7965e-02 9.7498e-04
13.3903 9.8691e-01 7.7956e-02 9.8451e-04
13.3756 9.8677e-01 7.7946e-02 9.9471e-04
13.3609 9.8663e-01 7.7935e-02 1.0053e-03
13.3462 9.8649e-01 7.7924e-02 1.0162e-03
13.3315 9.8634e-01 7.7913e-02 1.0271e-03
13.3169 9.8619e-01 7.7902e-02 1.0382e-03
13.3022 9.8604e-01 7.7891e-02 1.0493e-03
13.2949 9.8598e-01 7.7885e-02 1.0548e-03
13.2876 9.8590e-01 7.7879e-02 1.0610e-03
13.2730 9.8570e-01 7.7864e-02 1.0755e-03
13.2584 9.8556e-01 7.7854e-02 1.0861e-03
13.2438 9.8541e-01 7.7842e-02 1.0972e-03
13.2365 9.8534e-01 7.7837e-02 1.1029e-03
13.2293 9.8526e-01 7.7830e-02 1.1092e-03
13.2147 9.8506e-01 7.7815e-02 1.1240e-03
13.2002 9.8491e-01 7.7805e-02 1.1346e-03
13.1856 9.8476e-01 7.7793e-02 1.1458e-03
13.1711 9.8461e-01 7.7782e-02 1.1575e-03
13.1675 9.8458e-01 7.7779e-02 1.1604e-03
13.1639 9.8454e-01 7.7776e-02 1.1632e-03
13.1567 9.8444e-01 7.7768e-02 1.1709e-03
13.1422 9.8422e-01 7.7752e-02 1.1868e-03
13.1277 9.8408e-01 7.7741e-02 1.1975e-03
13.1133 9.8392e-01 7.7730e-02 1.2092e-03
13.1060 9.8385e-01 7.7724e-02 1.2152e-03
13.0988 9.8377e-01 7.7717e-02 1.2218e-03
13.0844 9.8355e-01 7.7701e-02 1.2376e-03
13.0700 9.8340e-01 7.7689e-02 1.2490e-03
13.0556 9.8324e-01 7.7677e-02 1.2610e-03
13.0484 9.8316e-01 7.7671e-02 1.2670e-03
13.0448 9.8313e-01 7.7668e-02 1.2699e-03
13.0412 9.8309e-01 7.7665e-02 1.2734e-03
13.0269 9.8284e-01 7.7647e-02 1.2909e-03
13.0125 9.8269e-01 7.7636e-02 1.3023e-03
12.9982 9.8253e-01 7.7624e-02 1.3143e-03
12.9839 9.8236e-01 7.7611e-02 1.3269e-03
12.9696 9.8219e-01 7.7598e-02 1.3397e-03
12.9553 9.8202e-01 7.7585e-02 1.3526e-03
12.9410 9.8184e-01 7.7572e-02 1.3656e-03
12.9268 9.8167e-01 7.7559e-02 1.3788e-03
12.9232 9.8163e-01 7.7555e-02 1.3820e-03
12.9197 9.8160e-01 7.7552e-02 1.3851e-03
12.9125 9.8149e-01 7.7543e-02 1.3939e-03
12.8983 9.8124e-01 7.7525e-02 1.4117e-03
12.8841 9.8107e-01 7.7513e-02 1.4238e-03
12.8699 9.8090e-01 7.7500e-02 1.4371e-03
12.8628 9.8081e-01 7.7493e-02 1.4439e-03
12.8557 9.8072e-01 7.7485e-02 1.4516e-03
12.8416 9.8047e-01 7.7467e-02 1.4696e-03
12.8274 9.8029e-01 7.7454e-02 1.4830e-03
12.8133 9.8011e-01 7.7439e-02 1.4969e-03
12.8062 9.8002e-01 7.7432e-02 1.5040e-03
12.8027 9.7998e-01 7.7429e-02 1.5075e-03
12.7991 9.7993e-01 7.7425e-02 1.5116e-03
12.7850 9.7965e-01 7.7404e-02 1.5320e-03
12.7709 9.7947e-01 7.7390e-02 1.5456e-03
12.7568 9.7928e-01 7.7376e-02 1.5598e-03
12.7498 9.7919e-01 7.7369e-02 1.5672e-03
12.7428 9.7909e-01 7.7360e-02 1.5753e-03
12.7287 9.7883e-01 7.7341e-02 1.5945e-03
12.7147 9.7863e-01 7.7327e-02 1.6088e-03
12.7007 9.7844e-01 7.7312e-02 1.6237e-03
12.6866 9.7823e-01 7.7296e-02 1.6389e-03
12.6726 9.7803e-01 7.7281e-02 1.6544e-03
12.6587 9.7782e-01 7.7265e-02 1.6699e-03
12.6447 9.7762e-01 7.7249e-02 1.6854e-03
12.6307 9.7741e-01 7.7234e-02 1.7011e-03
12.6168 9.7720e-01 7.7218e-02 1.7168e-03
12.6029 9.7699e-01 7.7202e-02 1.7327e-03
12.5890 9.7678e-01 7.7186e-02 1.7487e-03
12.5751 9.7656e-01 7.7169e-02 1.7648e-03
12.5716 9.7652e-01 7.7165e-02 1.7687e-03
12.5681 9.7647e-01 7.7161e-02 1.7726e-03
12.5612 9.7634e-01 7.7151e-02 1.7833e-03
12.5473 9.7604e-01 7.7129e-02 1.8049e-03
12.5335 9.7583e-01 7.7114e-02 1.8201e-03
12.5196 9.7562e-01 7.7097e-02 1.8364e-03
12.5162 9.7557e-01 7.7093e-02 1.8406e-03
12.5127 9.7552e-01 7.7089e-02 1.8447e-03
12.5058 9.7538e-01 7.7078e-02 1.8558e-03
12.4920 9.7507e-01 7.7055e-02 1.8788e-03
12.4782 9.7485e-01 7.7038e-02 1.8948e-03
12.4644 9.7462e-01 7.7021e-02 1.9121e-03
12.4610 9.7457e-01 7.7017e-02 1.9165e-03
12.4575 9.7453e-01 7.7012e-02 1.9208e-03
12.4506 9.7438e-01 7.7000e-02 1.9325e-03
12.4369 9.7405e-01 7.6977e-02 1.9563e-03
12.4231 9.7383e-01 7.6960e-02 1.9728e-03
12.4094 9.7359e-01 7.6942e-02 1.9906e-03
12.4060 9.7354e-01 7.6937e-02 1.9951e-03
12.4026 9.7349e-01 7.6933e-02 1.9995e-03
12.3957 9.7334e-01 7.6921e-02 2.0114e-03
12.3820 9.7301e-01 7.6896e-02 2.0358e-03
12.3683 9.7278e-01 7.6879e-02 2.0528e-03
12.3547 9.7254e-01 7.6861e-02 2.0711e-03
12.3512 9.7249e-01 7.6856e-02 2.0758e-03
12.3478 9.7244e-01 7.6851e-02 2.0803e-03
12.3410 9.7228e-01 7.6839e-02 2.0925e-03
12.3274 9.7194e-01 7.6814e-02 2.1176e-03
12.3137 9.7170e-01 7.6796e-02 2.1352e-03
12.3001 9.7145e-01 7.6777e-02 2.1540e-03
12.2967 9.7140e-01 7.6772e-02 2.1589e-03
12.2933 9.7135e-01 7.6768e-02 2.1635e-03
12.2865 9.7119e-01 7.6755e-02 2.1759e-03
12.2729 9.7084e-01 7.6729e-02 2.2016e-03
12.2593 9.7059e-01 7.6711e-02 2.2197e-03
12.2458 9.7034e-01 7.6692e-02 2.2388e-03
12.2322 9.7008e-01 7.6672e-02 2.2586e-03
12.2187 9.6982e-01 7.6652e-02 2.2785e-03
12.2052 9.6956e-01 7.6632e-02 2.2984e-03
12.1917 9.6930e-01 7.6611e-02 2.3184e-03
12.1782 9.6903e-01 7.6591e-02 2.3385e-03
12.1647 9.6876e-01 7.6571e-02 2.3587e-03
12.1513 9.6850e-01 7.6550e-02 2.3791e-03
12.1445 9.6837e-01 7.6540e-02 2.3892e-03
12.1378 9.6823e-01 7.6528e-02 2.4007e-03
12.1244 9.6787e-01 7.6502e-02 2.4271e-03
12.1110 9.6760e-01 7.6481e-02 2.4475e-03
12.0975 9.6732e-01 7.6460e-02 2.4684e-03
12.0908 9.6720e-01 7.6449e-02 2.4790e-03
12.0875 9.6713e-01 7.6444e-02 2.4842e-03
12.0842 9.6706e-01 7.6438e-02 2.4904e-03
12.0708 9.6666e-01 7.6408e-02 2.5199e-03
12.0574 9.6638e-01 7.6387e-02 2.5407e-03
12.0441 9.6610e-01 7.6366e-02 2.5618e-03
12.0374 9.6597e-01 7.6355e-02 2.5725e-03
12.0307 9.6582e-01 7.6343e-02 2.5847e-03
12.0174 9.6544e-01 7.6315e-02 2.6127e-03
12.0041 9.6515e-01 7.6293e-02 2.6342e-03
11.9908 9.6487e-01 7.6271e-02 2.6560e-03
11.9841 9.6473e-01 7.6260e-02 2.6672e-03
11.9775 9.6458e-01 7.6247e-02 2.6793e-03
11.9642 9.6421e-01 7.6219e-02 2.7073e-03
11.9510 9.6392e-01 7.6198e-02 2.7289e-03
11.9377 9.6363e-01 7.6175e-02 2.7508e-03
11.9344 9.6356e-01 7.6170e-02 2.7564e-03
11.9311 9.6350e-01 7.6164e-02 2.7619e-03
11.9245 9.6332e-01 7.6150e-02 2.7763e-03
11.9113 9.6291e-01 7.6120e-02 2.8059e-03
11.8981 9.6262e-01 7.6098e-02 2.8275e-03
11.8915 9.6249e-01 7.6087e-02 2.8387e-03
11.8849 9.6233e-01 7.6074e-02 2.8513e-03
11.8717 9.6193e-01 7.6044e-02 2.8809e-03
11.8585 9.6162e-01 7.6021e-02 2.9040e-03
11.8454 9.6132e-01 7.5997e-02 2.9274e-03
11.8388 9.6117e-01 7.5985e-02 2.9393e-03
11.8355 9.6110e-01 7.5979e-02 2.9451e-03
11.8323 9.6103e-01 7.5972e-02 2.9519e-03
11.8191 9.6058e-01 7.5939e-02 2.9848e-03
11.8060 9.6026e-01 7.5916e-02 3.0082e-03
11.7929 9.5995e-01 7.5892e-02 3.0319e-03
11.7864 9.5980e-01 7.5880e-02 3.0442e-03
11.7798 9.5963e-01 7.5866e-02 3.0578e-03
11.7668 9.5921e-01 7.5834e-02 3.0892e-03
11.7537 9.5888e-01 7.5809e-02 3.1139e-03
11.7407 9.5855e-01 7.5784e-02 3.1387e-03
11.7374 9.5848e-01 7.5778e-02 3.1450e-03
11.7342 9.5841e-01 7.5772e-02 3.1512e-03
11.7276 9.5821e-01 7.5756e-02 3.1672e-03
11.7146 9.5776e-01 7.5723e-02 3.1998e-03
11.7016 9.5744e-01 7.5699e-02 3.2237e-03
11.6951 9.5729e-01 7.5686e-02 3.2361e-03
11.6919 9.5722e-01 7.5680e-02 3.2423e-03
11.6886 9.5713e-01 7.5672e-02 3.2496e-03
11.6757 9.5666e-01 7.5637e-02 3.2846e-03
11.6627 9.5632e-01 7.5612e-02 3.3097e-03
11.6498 9.5598e-01 7.5586e-02 3.3352e-03
11.6433 9.5582e-01 7.5573e-02 3.3484e-03
11.6368 9.5564e-01 7.5558e-02 3.3630e-03
11.6239 9.5520e-01 7.5524e-02 3.3966e-03
11.6110 9.5484e-01 7.5497e-02 3.4231e-03
11.5981 9.5449e-01 7.5470e-02 3.4499e-03
11.5949 9.5441e-01 7.5463e-02 3.4568e-03
11.5916 9.5434e-01 7.5457e-02 3.4635e-03
11.5852 9.5412e-01 7.5439e-02 3.4805e-03
11.5723 9.5364e-01 7.5404e-02 3.5156e-03
11.5595 9.5329e-01 7.5378e-02 3.5416e-03
11.5531 9.5312e-01 7.5364e-02 3.5551e-03
11.5498 9.5305e-01 7.5357e-02 3.5618e-03
11.5466 9.5296e-01 7.5350e-02 3.5696e-03
11.5338 9.5245e-01 7.5312e-02 3.6070e-03
11.5210 9.5208e-01 7.5285e-02 3.6340e-03
11.5082 9.5173e-01 7.5258e-02 3.6610e-03
11.5050 9.5165e-01 7.5250e-02 3.6679e-03
11.5018 9.5157e-01 7.5244e-02 3.6747e-03
11.4954 9.5135e-01 7.5226e-02 3.6922e-03
11.4826 9.5087e-01 7.5190e-02 3.7279e-03
11.4698 9.5051e-01 7.5163e-02 3.7544e-03
11.4635 9.5035e-01 7.5149e-02 3.7680e-03
11.4571 9.5016e-01 7.5134e-02 3.7833e-03
11.4444 9.4968e-01 7.5098e-02 3.8187e-03
11.4316 9.4931e-01 7.5070e-02 3.8470e-03
11.4189 9.4894e-01 7.5041e-02 3.8752e-03
11.4126 9.4876e-01 7.5027e-02 3.8896e-03
11.4062 9.4857e-01 7.5011e-02 3.9053e-03
11.3935 9.4809e-01 7.4975e-02 3.9412e-03
11.3809 9.4770e-01 7.4946e-02 3.9699e-03
11.3682 9.4733e-01 7.4917e-02 3.9988e-03
11.3555 9.4694e-01 7.4887e-02 4.0282e-03
11.3429 9.4656e-01 7.4857e-02 4.0578e-03
11.3303 9.4617e-01 7.4827e-02 4.0876e-03
11.3240 9.4598e-01 7.4812e-02 4.1027e-03
11.3177 9.4577e-01 7.4795e-02 4.1196e-03
11.3051 9.4526e-01 7.4756e-02 4.1579e-03
11.2925 9.4485e-01 7.4725e-02 4.1890e-03
11.2799 9.4444e-01 7.4693e-02 4.2204e-03
11.2674 9.4403e-01 7.4661e-02 4.2519e-03
11.2548 9.4361e-01 7.4629e-02 4.2837e-03
11.2423 9.4320e-01 7.4597e-02 4.3155e-03
11.2360 9.4300e-01 7.4581e-02 4.3314e-03
11.2298 9.4278e-01 7.4563e-02 4.3492e-03
11.2173 9.4225e-01 7.4523e-02 4.3889e-03
11.2048 9.4182e-01 7.4491e-02 4.4210e-03
11.1923 9.4140e-01 7.4458e-02 4.4532e-03
11.1798 9.4098e-01 7.4426e-02 4.4855e-03
11.1674 9.4055e-01 7.4393e-02 4.5180e-03
11.1549 9.4013e-01 7.4360e-02 4.5504e-03
11.1487 9.3993e-01 7.4343e-02 4.5668e-03
11.1425 9.3970e-01 7.4325e-02 4.5852e-03
11.1301 9.3915e-01 7.4283e-02 4.6264e-03
11.1177 9.3870e-01 7.4249e-02 4.6602e-03
11.1115 9.3849e-01 7.4232e-02 4.6772e-03
11.1053 9.3825e-01 7.4213e-02 4.6963e-03
11.0929 9.3768e-01 7.4170e-02 4.7391e-03
11.0805 9.3722e-01 7.4134e-02 4.7741e-03
11.0682 9.3676e-01 7.4099e-02 4.8088e-03
11.0651 9.3666e-01 7.4090e-02 4.8177e-03
11.0620 9.3656e-01 7.4081e-02 4.8264e-03
11.0558 9.3629e-01 7.4060e-02 4.8480e-03
11.0435 9.3570e-01 7.4015e-02 4.8919e-03
11.0312 9.3525e-01 7.3982e-02 4.9254e-03
11.0250 9.3504e-01 7.3964e-02 4.9426e-03
11.0220 9.3494e-01 7.3956e-02 4.9512e-03
11.0189 9.3482e-01 7.3946e-02 4.9611e-03
11.0066 9.3420e-01 7.3899e-02 5.0073e-03
10.9943 9.3373e-01 7.3864e-02 5.0419e-03
10.9821 9.3328e-01 7.3829e-02 5.0763e-03
10.9790 9.3318e-01 7.3820e-02 5.0852e-03
10.9759 9.3308e-01 7.3812e-02 5.0940e-03
10.9698 9.3280e-01 7.3789e-02 5.1161e-03
10.9576 9.3220e-01 7.3744e-02 5.1609e-03
10.9453 9.3173e-01 7.3709e-02 5.1956e-03
10.9392 9.3152e-01 7.3691e-02 5.2135e-03
10.9331 9.3127e-01 7.3671e-02 5.2333e-03
10.9209 9.3068e-01 7.3626e-02 5.2780e-03
10.9087 9.3019e-01 7.3589e-02 5.3148e-03
10.9026 9.2996e-01 7.3570e-02 5.3334e-03
10.8996 9.2985e-01 7.3561e-02 5.3426e-03
10.8966 9.2973e-01 7.3550e-02 5.3532e-03
10.8844 9.2907e-01 7.3501e-02 5.4021e-03
10.8722 9.2858e-01 7.3463e-02 5.4391e-03
10.8601 9.2810e-01 7.3426e-02 5.4759e-03
10.8571 9.2799e-01 7.3416e-02 5.4855e-03
10.8540 9.2788e-01 7.3407e-02 5.4949e-03
10.8480 9.2758e-01 7.3383e-02 5.5183e-03
10.8358 9.2694e-01 7.3335e-02 5.5661e-03
10.8237 9.2645e-01 7.3298e-02 5.6034e-03
10.8177 9.2621e-01 7.3278e-02 5.6227e-03
10.8117 9.2595e-01 7.3257e-02 5.6438e-03
10.7996 9.2531e-01 7.3208e-02 5.6918e-03
10.7875 9.2479e-01 7.3168e-02 5.7314e-03
10.7815 9.2454e-01 7.3148e-02 5.7515e-03
10.7785 9.2443e-01 7.3138e-02 5.7615e-03
10.7755 9.2430e-01 7.3127e-02 5.7728e-03
10.7634 9.2360e-01 7.3074e-02 5.8250e-03
10.7514 9.2307e-01 7.3034e-02 5.8647e-03
10.7394 9.2255e-01 7.2994e-02 5.9040e-03
10.7274 9.2204e-01 7.2954e-02 5.9437e-03
10.7154 9.2153e-01 7.2914e-02 5.9835e-03
10.7034 9.2101e-01 7.2874e-02 6.0232e-03
10.7004 9.2089e-01 7.2864e-02 6.0333e-03
10.6974 9.2078e-01 7.2854e-02 6.0434e-03
10.6914 9.2046e-01 7.2828e-02 6.0683e-03
10.6795 9.1979e-01 7.2778e-02 6.1184e-03
10.6675 9.1926e-01 7.2738e-02 6.1579e-03
10.6616 9.1901e-01 7.2718e-02 6.1782e-03
10.6556 9.1873e-01 7.2695e-02 6.2006e-03
10.6437 9.1807e-01 7.2644e-02 6.2507e-03
10.6318 9.1751e-01 7.2602e-02 6.2928e-03
10.6258 9.1724e-01 7.2580e-02 6.3142e-03
10.6228 9.1712e-01 7.2570e-02 6.3248e-03
10.6199 9.1698e-01 7.2557e-02 6.3368e-03
10.6080 9.1624e-01 7.2502e-02 6.3918e-03
10.5961 9.1567e-01 7.2459e-02 6.4344e-03
10.5902 9.1541e-01 7.2437e-02 6.4559e-03
10.5843 9.1512e-01 7.2414e-02 6.4793e-03
10.5724 9.1442e-01 7.2361e-02 6.5320e-03
10.5606 9.1383e-01 7.2316e-02 6.5763e-03
10.5487 9.1326e-01 7.2271e-02 6.6203e-03
10.5458 9.1313e-01 7.2260e-02 6.6316e-03
10.5428 9.1300e-01 7.2249e-02 6.6428e-03
10.5369 9.1266e-01 7.2221e-02 6.6698e-03
10.5251 9.1193e-01 7.2166e-02 6.7245e-03
10.5134 9.1135e-01 7.2123e-02 6.7680e-03
10.5104 9.1122e-01 7.2111e-02 6.7793e-03
10.5075 9.1109e-01 7.2100e-02 6.7903e-03
10.5016 9.1075e-01 7.2072e-02 6.8175e-03
10.4898 9.1002e-01 7.2017e-02 6.8728e-03
10.4781 9.0943e-01 7.1972e-02 6.9170e-03
10.4722 9.0915e-01 7.1949e-02 6.9397e-03
10.4663 9.0885e-01 7.1925e-02 6.9642e-03
10.4546 9.0813e-01 7.1870e-02 7.0187e-03
10.4429 9.0752e-01 7.1823e-02 7.0646e-03
10.4370 9.0724e-01 7.1800e-02 7.0878e-03
10.4341 9.0710e-01 7.1788e-02 7.0993e-03
10.4312 9.0695e-01 7.1775e-02 7.1122e-03
10.4195 9.0617e-01 7.1716e-02 7.1705e-03
10.4078 9.0556e-01 7.1670e-02 7.2166e-03
10.4020 9.0527e-01 7.1647e-02 7.2397e-03
10.3991 9.0514e-01 7.1635e-02 7.2513e-03
10.3962 9.0498e-01 7.1622e-02 7.2644e-03
10.3845 9.0419e-01 7.1562e-02 7.3241e-03
10.3729 9.0355e-01 7.1514e-02 7.3715e-03
10.3670 9.0326e-01 7.1489e-02 7.3954e-03
10.3612 9.0294e-01 7.1463e-02 7.4213e-03
10.3496 9.0218e-01 7.1405e-02 7.4790e-03
10.3380 9.0153e-01 7.1356e-02 7.5280e-03
10.3264 9.0091e-01 7.1307e-02 7.5764e-03
10.3148 9.0029e-01 7.1258e-02 7.6244e-03
10.3033 8.9967e-01 7.1210e-02 7.6721e-03
10.2917 8.9906e-01 7.1162e-02 7.7197e-03
10.2888 8.9892e-01 7.1150e-02 7.7318e-03
10.2859 8.9877e-01 7.1138e-02 7.7440e-03
10.2802 8.9841e-01 7.1108e-02 7.7736e-03
10.2686 8.9761e-01 7.1048e-02 7.8328e-03
10.2571 8.9697e-01 7.0999e-02 7.8814e-03
10.2542 8.9682e-01 7.0986e-02 7.8940e-03
10.2513 8.9667e-01 7.0974e-02 7.9064e-03
10.2456 8.9629e-01 7.0943e-02 7.9367e-03
10.2341 8.9548e-01 7.0882e-02 7.9978e-03
10.2226 8.9481e-01 7.0831e-02 8.0482e-03
10.2197 8.9466e-01 7.0818e-02 8.0613e-03
10.2169 8.9451e-01 7.0805e-02 8.0740e-03
10.2111 8.9412e-01 7.0773e-02 8.1050e-03
10.1997 8.9328e-01 7.0710e-02 8.1677e-03
10.1882 8.9260e-01 7.0658e-02 8.2191e-03
10.1853 8.9245e-01 7.0645e-02 8.2324e-03
10.1825 8.9230e-01 7.0632e-02 8.2454e-03
10.1768 8.9190e-01 7.0600e-02 8.2766e-03
10.1653 8.9107e-01 7.0537e-02 8.3396e-03
10.1539 8.9038e-01 7.0485e-02 8.3910e-03
10.1511 8.9023e-01 7.0471e-02 8.4043e-03
10.1482 8.9008e-01 7.0458e-02 8.4173e-03
10.1425 8.8969e-01 7.0427e-02 8.4482e-03
10.1311 8.8885e-01 7.0364e-02 8.5109e-03
10.1197 8.8817e-01 7.0312e-02 8.5624e-03
10.1169 8.8801e-01 7.0298e-02 8.5758e-03
10.1140 8.8786e-01 7.0285e-02 8.5889e-03
10.1084 8.8747e-01 7.0253e-02 8.6203e-03
10.0970 8.8662e-01 7.0189e-02 8.6841e-03
10.0856 8.8592e-01 7.0136e-02 8.7366e-03
10.0828 8.8577e-01 7.0122e-02 8.7502e-03
10.0800 8.8561e-01 7.0109e-02 8.7636e-03
10.0743 8.8521e-01 7.0077e-02 8.7953e-03
10.0630 8.8436e-01 7.0012e-02 8.8596e-03
10.0517 8.8366e-01 6.9959e-02 8.9126e-03
10.0488 8.8350e-01 6.9945e-02 8.9263e-03
10.0460 8.8334e-01 6.9931e-02 8.9397e-03
10.0404 8.8294e-01 6.9899e-02 8.9716e-03
10.0291 8.8208e-01 6.9834e-02 9.0363e-03
10.0178 8.8137e-01 6.9780e-02 9.0898e-03
10.0150 8.8121e-01 6.9766e-02 9.1037e-03
10.0122 8.8105e-01 6.9752e-02 9.1173e-03
10.0065 8.8065e-01 6.9719e-02 9.1497e-03
9.9953 8.7977e-01 6.9653e-02 9.2151e-03
9.9840 8.7906e-01 6.9599e-02 9.2693e-03
9.9812 8.7889e-01 6.9584e-02 9.2833e-03
9.9784 8.7873e-01 6.9570e-02 9.2971e-03
9.9728 8.7832e-01 6.9538e-02 9.3297e-03
9.9616 8.7745e-01 6.9471e-02 9.3955e-03
9.9504 8.7672e-01 6.9416e-02 9.4501e-03
10.7154 9.2153e-01 7.2914e-02 5.9835e-03
10.7034 9.2101e-01 7.2874e-02 6.0232e-03
10.7004 9.2089e-01 7.2864e-02 6.0333e-03
10.6974 9.2078e-01 7.2854e-02 6.0434e-03
10.6914 9.2046e-01 7.2828e-02 6.0683e-03
10.6795 9.1979e-01 7.2778e-02 6.1184e-03
10.6675 9.1926e-01 7.2738e-02 6.1579e-03
10.6616 9.1901e-01 7.2718e-02 6.1782e-03
10.6556 9.1873e-01 7.2695e-02 6.2006e-03
10.6437 9.1807e-01 7.2644e-02 6.2507e-03
10.6318 9.1751e-01 7.2602e-02 6.2928e-03
10.6258 9.1724e-01 7.2580e-02 6.3142e-03
10.6228 9.1712e-01 7.2570e-02 6.3248e-03
10.6199 9.1698e-01 7.2557e-02 6.3368e-03
10.6080 9.1624e-01 7.2502e-02 6.3918e-03
10.5961 9.1567e-01 7.2459e-02 6.4344e-03
10.5902 9.1541e-01 7.2437e-02 6.4559e-03
10.5843 9.1512e-01 7.2414e-02 6.4793e-03
10.5724 9.1442e-01 7.2361e-02 6.5320e-03
10.5606 9.1383e-01 7.2316e-02 6.5763e-03
10.5487 9.1326e-01 7.2271e-02 6.6203e-03
10.5458 9.1313e-01 7.2260e-02 6.6316e-03
10.5428 9.1300e-01 7.2249e-02 6.6428e-03
10.5369 9.1266e-01 7.2221e-02 6.6698e-03
10.5251 9.1193e-01 7.2166e-02 6.7245e-03
10.5134 9.1135e-01 7.2123e-02 6.7680e-03
10.5104 9.1122e-01 7.2111e-02 6.7793e-03
10.5075 9.1109e-01 7.2100e-02 6.7903e-03
10.5016 9.1075e-01 7.2072e-02 6.8175e-03
10.4898 9.1002e-01 7.2017e-02 6.8728e-03
10.4781 9.0943e-01 7.1972e-02 6.9170e-03
10.4722 9.0915e-01 7.1949e-02 6.9397e-03
10.4663 9.0885e-01 7.1925e-02 6.9642e-03
10.4546 9.0813e-01 7.1870e-02 7.0187e-03
10.4429 9.0752e-01 7.1823e-02 7.0646e-03
10.4370 9.0724e-01 7.1800e-02 7.0878e-03
10.4341 9.0710e-01 7.1788e-02 7.0993e-03
10.4312 9.0695e-01 7.1775e-02 7.1122e-03
10.4195 9.0617e-01 7.1716e-02 7.1705e-03
10.4078 9.0556e-01 7.1670e-02 7.2166e-03
10.4020 9.0527e-01 7.1647e-02 7.2397e-03
10.3991 9.0514e-01 7.1635e-02 7.2513e-03
10.3962 9.0498e-01 7.1622e-02 7.2644e-03
10.3845 9.0419e-01 7.1562e-02 7.3241e-03
10.3729 9.0355e-01 7.1514e-02 7.3715e-03
10.3670 9.0326e-01 7.1489e-02 7.3954e-03
10.3612 9.0294e-01 7.1463e-02 7.4213e-03
10.3496 9.0218e-01 7.1405e-02 7.4790e-03
10.3380 9.0153e-01 7.1356e-02 7.5280e-03
10.3264 9.0091e-01 7.1307e-02 7.5764e-03
10.3148 9.0029e-01 7.1258e-02 7.6244e-03
10.3033 8.9967e-01 7.1210e-02 7.6721e-03
10.2917 8.9906e-01 7.1162e-02 7.7197e-03
10.2888 8.9892e-01 7.1150e-02 7.7318e-03
10.2859 8.9877e-01 7.1138e-02 7.7440e-03
10.2802 8.9841e-01 7.1108e-02 7.7736e-03
10.2686 8.9761e-01 7.1048e-02 7.8328e-03
10.2571 8.9697e-01 7.0999e-02 7.8814e-03
10.2542 8.9682e-01 7.0986e-02 7.8940e-03
10.2513 8.9667e-01 7.0974e-02 7.9064e-03
10.2456 8.9629e-01 7.0943e-02 7.9367e-03
10.2341 8.9548e-01 7.0882e-02 7.9978e-03
10.2226 8.9481e-01 7.0831e-02 8.0482e-03
10.2197 8.9466e-01 7.0818e-02 8.0613e-03
10.2169 8.9451e-01 7.0805e-02 8.0740e-03
10.2111 8.9412e-01 7.0773e-02 8.1050e-03
10.1997 8.9328e-01 7.0710e-02 8.1677e-03
10.1882 8.9260e-01 7.0658e-02 8.2191e-03
10.1853 8.9245e-01 7.0645e-02 8.2324e-03
10.1825 8.9230e-01 7.0632e-02 8.2454e-03
10.1768 8.9190e-01 7.0600e-02 8.2766e-03
10.1653 8.9107e-01 7.0537e-02 8.3396e-03
10.1539 8.9038e-01 7.0485e-02 8.3910e-03
10.1511 8.9023e-01 7.0471e-02 8.4043e-03
10.1482 8.9008e-01 7.0458e-02 8.4173e-03
10.1425 8.8969e-01 7.0427e-02 8.4482e-03
10.1311 8.8885e-01 7.0364e-02 8.5109e-03
10.1197 8.8817e-01 7.0312e-02 8.5624e-03
10.1169 8.8801e-01 7.0298e-02 8.5758e-03
10.1140 8.8786e-01 7.0285e-02 8.5889e-03
10.1084 8.8747e-01 7.0253e-02 8.6203e-03
10.0970 8.8662e-01 7.0189e-02 8.6841e-03
10.0856 8.8592e-01 7.0136e-02 8.7366e-03
10.0828 8.8577e-01 7.0122e-02 8.7502e-03
10.0800 8.8561e-01 7.0109e-02 8.7636e-03
10.0743 8.8521e-01 7.0077e-02 8.7953e-03
10.0630 8.8436e-01 7.0012e-02 8.8596e-03
10.0517 8.8366e-01 6.9959e-02 8.9126e-03
10.0488 8.8350e-01 6.9945e-02 8.9263e-03
10.0460 8.8334e-01 6.9931e-02 8.9397e-03
10.0404 8.8294e-01 6.9899e-02 8.9716e-03
10.0291 8.8208e-01 6.9834e-02 9.0363e-03
10.0178 8.8137e-01 6.9780e-02 9.0898e-03
10.0150 8.8121e-01 6.9766e-02 9.1037e-03
10.0122 8.8105e-01 6.9752e-02 9.1173e-03
10.0065 8.8065e-01 6.9719e-02 9.1497e-03
9.9953 8.7977e-01 6.9653e-02 9.2151e-03
9.9840 8.7906e-01 6.9599e-02 9.2693e-03
9.9812 8.7889e-01 6.9584e-02 9.2833e-03
9.9784 8.7873e-01 6.9570e-02 9.2971e-03
9.9728 8.7832e-01 6.9538e-02 9.3297e-03
9.9616 8.7745e-01 6.9471e-02 9.3955e-03
9.9504 8.7672e-01 6.9416e-02 9.4501e-03
9.9476 8.7656e-01 6.9402e-02 9.4642e-03
9.9448 8.7640e-01 6.9388e-02 9.4780e-03
9.9392 8.7599e-01 6.9355e-02 9.5107e-03
9.9280 8.7511e-01 6.9288e-02 9.5769e-03
9.9168 8.7438e-01 6.9232e-02 9.6321e-03
9.9140 8.7421e-01 6.9218e-02 9.6465e-03
9.9112 8.7405e-01 6.9204e-02 9.6605e-03
9.9056 8.7363e-01 6.9170e-02 9.6938e-03
9.8945 8.7274e-01 6.9102e-02 9.7611e-03
9.8834 8.7200e-01 6.9046e-02 9.8173e-03
9.8806 8.7183e-01 6.9031e-02 9.8319e-03
9.8778 8.7166e-01 6.9016e-02 9.8461e-03
9.8722 8.7124e-01 6.8983e-02 9.8796e-03
9.8611 8.7035e-01 6.8915e-02 9.9471e-03
9.8500 8.6961e-01 6.8858e-02 1.0003e-02
9.8389 8.6889e-01 6.8802e-02 1.0059e-02
9.8278 8.6818e-01 6.8746e-02 1.0115e-02
9.8223 8.6783e-01 6.8716e-02 1.0143e-02
9.8168 8.6745e-01 6.8685e-02 1.0174e-02
9.8057 8.6657e-01 6.8618e-02 1.0241e-02
9.7946 8.6579e-01 6.8558e-02 1.0300e-02
9.7891 8.6542e-01 6.8528e-02 1.0330e-02
9.7864 8.6524e-01 6.8512e-02 1.0346e-02
9.7836 8.6504e-01 6.8495e-02 1.0362e-02
9.7726 8.6407e-01 6.8421e-02 1.0436e-02
9.7615 8.6327e-01 6.8361e-02 1.0496e-02
9.7561 8.6289e-01 6.8330e-02 1.0527e-02
9.7533 8.6271e-01 6.8314e-02 1.0542e-02
9.7506 8.6251e-01 6.8297e-02 1.0559e-02
9.7395 8.6153e-01 6.8223e-02 1.0632e-02
9.7286 8.6073e-01 6.8161e-02 1.0693e-02
9.7231 8.6035e-01 6.8131e-02 1.0724e-02
9.7176 8.5994e-01 6.8098e-02 1.0756e-02
9.7066 8.5902e-01 6.8027e-02 1.0827e-02
9.6957 8.5821e-01 6.7965e-02 1.0888e-02
9.6929 8.5803e-01 6.7949e-02 1.0904e-02
9.6902 8.5784e-01 6.7933e-02 1.0920e-02
9.6847 8.5739e-01 6.7896e-02 1.0956e-02
9.6738 8.5643e-01 6.7823e-02 1.1029e-02
9.6629 8.5562e-01 6.7761e-02 1.1090e-02
9.6602 8.5544e-01 6.7745e-02 1.1106e-02
9.6575 8.5525e-01 6.7729e-02 1.1121e-02
9.6520 8.5480e-01 6.7692e-02 1.1158e-02
9.6411 8.5382e-01 6.7618e-02 1.1232e-02
9.6302 8.5300e-01 6.7555e-02 1.1294e-02
9.6194 8.5220e-01 6.7493e-02 1.1356e-02
9.6085 8.5141e-01 6.7431e-02 1.1418e-02
9.6031 8.5103e-01 6.7398e-02 1.1449e-02
9.6004 8.5084e-01 6.7382e-02 1.1465e-02
9.5976 8.5063e-01 6.7364e-02 1.1483e-02
9.5868 8.4961e-01 6.7287e-02 1.1560e-02
9.5760 8.4876e-01 6.7222e-02 1.1624e-02
9.5706 8.4836e-01 6.7189e-02 1.1657e-02
9.5679 8.4817e-01 6.7173e-02 1.1673e-02
9.5652 8.4795e-01 6.7155e-02 1.1691e-02
9.5544 8.4692e-01 6.7076e-02 1.1769e-02
9.5436 8.4605e-01 6.7009e-02 1.1835e-02
9.5382 8.4564e-01 6.6976e-02 1.1868e-02
9.5328 8.4520e-01 6.6940e-02 1.1903e-02
9.5220 8.4420e-01 6.6863e-02 1.1979e-02
9.5113 8.4332e-01 6.6795e-02 1.2047e-02
9.5086 8.4312e-01 6.6778e-02 1.2064e-02
9.5059 8.4292e-01 6.6761e-02 1.2081e-02
9.5005 8.4243e-01 6.6721e-02 1.2120e-02
9.4898 8.4140e-01 6.6643e-02 1.2198e-02
9.4844 8.4096e-01 6.6608e-02 1.2232e-02
9.4791 8.4051e-01 6.6572e-02 1.2268e-02
9.4683 8.3950e-01 6.6494e-02 1.2345e-02
9.4576 8.3860e-01 6.6425e-02 1.2414e-02
9.4523 8.3817e-01 6.6390e-02 1.2449e-02
9.4496 8.3796e-01 6.6372e-02 1.2466e-02
9.4469 8.3774e-01 6.6353e-02 1.2485e-02
9.4362 8.3666e-01 6.6270e-02 1.2567e-02
9.4256 8.3575e-01 6.6200e-02 1.2636e-02
9.4202 8.3532e-01 6.6165e-02 1.2671e-02
9.4149 8.3486e-01 6.6128e-02 1.2708e-02
9.4043 8.3383e-01 6.6048e-02 1.2787e-02
9.3936 8.3291e-01 6.5977e-02 1.2858e-02
9.3910 8.3269e-01 6.5959e-02 1.2876e-02
9.3883 8.3249e-01 6.5941e-02 1.2893e-02
9.3830 8.3198e-01 6.5900e-02 1.2934e-02
9.3724 8.3092e-01 6.5819e-02 1.3014e-02
9.3671 8.3046e-01 6.5783e-02 1.3050e-02
9.3618 8.2999e-01 6.5745e-02 1.3088e-02
9.3512 8.2894e-01 6.5664e-02 1.3168e-02
9.3406 8.2800e-01 6.5592e-02 1.3239e-02
9.3353 8.2755e-01 6.5555e-02 1.3276e-02
9.3327 8.2734e-01 6.5537e-02 1.3294e-02
9.3300 8.2711e-01 6.5517e-02 1.3314e-02
9.3194 8.2599e-01 6.5431e-02 1.3398e-02
9.3089 8.2504e-01 6.5358e-02 1.3471e-02
9.3063 8.2482e-01 6.5340e-02 1.3489e-02
9.3049 8.2472e-01 6.5331e-02 1.3498e-02
9.3036 8.2461e-01 6.5322e-02 1.3507e-02
9.2983 8.2408e-01 6.5279e-02 1.3550e-02
9.2878 8.2294e-01 6.5193e-02 1.3635e-02
9.2773 8.2198e-01 6.5119e-02 1.3708e-02
9.2668 8.2105e-01 6.5046e-02 1.3780e-02
9.2563 8.2014e-01 6.4974e-02 1.3851e-02
9.2510 8.1969e-01 6.4937e-02 1.3888e-02
9.2484 8.1947e-01 6.4918e-02 1.3907e-02
9.2458 8.1923e-01 6.4898e-02 1.3927e-02
9.2353 8.1809e-01 6.4811e-02 1.4014e-02
9.2249 8.1711e-01 6.4736e-02 1.4088e-02
9.2223 8.1688e-01 6.4716e-02 1.4107e-02
9.2196 8.1666e-01 6.4697e-02 1.4126e-02
9.2144 8.1612e-01 6.4654e-02 1.4169e-02
9.2040 8.1499e-01 6.4567e-02 1.4255e-02
9.1987 8.1449e-01 6.4528e-02 1.4294e-02
9.1935 8.1398e-01 6.4487e-02 1.4334e-02
9.1831 8.1286e-01 6.4401e-02 1.4420e-02
9.1727 8.1185e-01 6.4323e-02 1.4497e-02
9.1675 8.1137e-01 6.4284e-02 1.4536e-02
9.1649 8.1114e-01 6.4264e-02 1.4555e-02
9.1623 8.1089e-01 6.4243e-02 1.4576e-02
9.1519 8.0972e-01 6.4153e-02 1.4665e-02
9.1415 8.0871e-01 6.4076e-02 1.4742e-02
9.1389 8.0848e-01 6.4056e-02 1.4761e-02
9.1363 8.0825e-01 6.4036e-02 1.4781e-02
9.1311 8.0770e-01 6.3992e-02 1.4825e-02
9.1208 8.0654e-01 6.3903e-02 1.4913e-02
9.1156 8.0603e-01 6.3862e-02 1.4953e-02
9.1130 8.0579e-01 6.3842e-02 1.4973e-02
9.1104 8.0553e-01 6.3821e-02 1.4994e-02
9.1001 8.0431e-01 6.3728e-02 1.5087e-02
9.0898 8.0326e-01 6.3647e-02 1.5166e-02
9.0846 8.0276e-01 6.3606e-02 1.5207e-02
9.0794 8.0223e-01 6.3563e-02 1.5249e-02
9.0691 8.0107e-01 6.3474e-02 1.5338e-02
9.0588 8.0002e-01 6.3392e-02 1.5419e-02
9.0563 7.9977e-01 6.3371e-02 1.5440e-02
9.0537 7.9953e-01 6.3350e-02 1.5461e-02
9.0486 7.9895e-01 6.3304e-02 1.5507e-02
9.0383 7.9775e-01 6.3212e-02 1.5598e-02
9.0331 7.9722e-01 6.3170e-02 1.5640e-02
9.0306 7.9697e-01 6.3149e-02 1.5660e-02
9.0280 7.9670e-01 6.3126e-02 1.5683e-02
9.0177 7.9546e-01 6.3031e-02 1.5777e-02
9.0075 7.9438e-01 6.2948e-02 1.5860e-02
9.0049 7.9412e-01 6.2927e-02 1.5881e-02
9.0024 7.9388e-01 6.2906e-02 1.5901e-02
8.9973 7.9329e-01 6.2859e-02 1.5948e-02
8.9870 7.9209e-01 6.2766e-02 1.6040e-02
8.9819 7.9155e-01 6.2723e-02 1.6082e-02
8.9794 7.9130e-01 6.2702e-02 1.6103e-02
8.9781 7.9117e-01 6.2691e-02 1.6114e-02
8.9768 7.9104e-01 6.2679e-02 1.6126e-02
8.9666 7.8974e-01 6.2581e-02 1.6223e-02
8.9564 7.8861e-01 6.2495e-02 1.6309e-02
8.9539 7.8835e-01 6.2473e-02 1.6331e-02
8.9513 7.8810e-01 6.2451e-02 1.6352e-02
8.9463 7.8750e-01 6.2403e-02 1.6400e-02
8.9361 7.8625e-01 6.2307e-02 1.6495e-02
8.9310 7.8570e-01 6.2263e-02 1.6539e-02
8.9259 7.8513e-01 6.2217e-02 1.6584e-02
8.9158 7.8389e-01 6.2121e-02 1.6679e-02
8.9056 7.8276e-01 6.2034e-02 1.6766e-02
8.9006 7.8221e-01 6.1989e-02 1.6810e-02
8.8955 7.8164e-01 6.1943e-02 1.6856e-02
8.8854 7.8040e-01 6.1846e-02 1.6952e-02
8.8803 7.7982e-01 6.1801e-02 1.6997e-02
8.8753 7.7924e-01 6.1754e-02 1.7043e-02
8.8652 7.7797e-01 6.1656e-02 1.7141e-02
8.8551 7.7681e-01 6.1566e-02 1.7230e-02
8.8500 7.7625e-01 6.1520e-02 1.7275e-02
8.8450 7.7567e-01 6.1472e-02 1.7322e-02
8.8349 7.7440e-01 6.1374e-02 1.7420e-02
8.8249 7.7323e-01 6.1283e-02 1.7510e-02
8.8148 7.7211e-01 6.1194e-02 1.7598e-02
8.8048 7.7100e-01 6.1107e-02 1.7684e-02
8.7998 7.7045e-01 6.1062e-02 1.7729e-02
8.7948 7.6988e-01 6.1015e-02 1.7776e-02
8.7848 7.6862e-01 6.0917e-02 1.7872e-02
8.7748 7.6746e-01 6.0827e-02 1.7961e-02
8.7648 7.6634e-01 6.0739e-02 1.8049e-02
8.7548 7.6522e-01 6.0651e-02 1.8136e-02
8.7848 7.6862e-01 6.0917e-02 1.7872e-02
8.7748 7.6747e-01 6.0828e-02 1.7961e-02
8.7848 7.6862e-01 6.0917e-02 1.7872e-02
8.7748 7.6746e-01 6.0827e-02 1.7961e-02
8.7648 7.6634e-01 6.0739e-02 1.8049e-02
8.7548 7.6522e-01 6.0651e-02 1.8136e-02
8.7498 7.6467e-01 6.0605e-02 1.8181e-02
8.7448 7.6409e-01 6.0558e-02 1.8229e-02
8.7348 7.6282e-01 6.0459e-02 1.8326e-02
8.7299 7.6223e-01 6.0412e-02 1.8373e-02
8.7249 7.6162e-01 6.0363e-02 1.8421e-02
8.7149 7.6031e-01 6.0262e-02 1.8522e-02
8.7050 7.5910e-01 6.0168e-02 1.8614e-02
8.7000 7.5851e-01 6.0121e-02 1.8662e-02
8.6951 7.5790e-01 6.0071e-02 1.8711e-02
8.6852 7.5659e-01 5.9969e-02 1.8812e-02
8.6802 7.5597e-01 5.9920e-02 1.8860e-02
8.6777 7.5569e-01 5.9896e-02 1.8884e-02
8.6753 7.5538e-01 5.9870e-02 1.8910e-02
8.6654 7.5398e-01 5.9763e-02 1.9016e-02
8.6555 7.5274e-01 5.9667e-02 1.9112e-02
8.6530 7.5244e-01 5.9642e-02 1.9136e-02
8.6518 7.5230e-01 5.9630e-02 1.9148e-02
8.6505 7.5216e-01 5.9618e-02 1.9160e-02
8.6456 7.5148e-01 5.9564e-02 1.9214e-02
8.6357 7.5008e-01 5.9456e-02 1.9321e-02
8.6308 7.4945e-01 5.9406e-02 1.9370e-02
8.6283 7.4915e-01 5.9381e-02 1.9395e-02
8.6259 7.4883e-01 5.9355e-02 1.9421e-02
8.6160 7.4740e-01 5.9245e-02 1.9530e-02
8.6062 7.4612e-01 5.9146e-02 1.9628e-02
8.6037 7.4582e-01 5.9121e-02 1.9653e-02
8.6013 7.4552e-01 5.9096e-02 1.9678e-02
8.5964 7.4484e-01 5.9041e-02 1.9733e-02
8.5866 7.4343e-01 5.8932e-02 1.9840e-02
8.5817 7.4279e-01 5.8881e-02 1.9891e-02
8.5792 7.4249e-01 5.8855e-02 1.9916e-02
8.5768 7.4217e-01 5.8828e-02 1.9943e-02
8.5670 7.4072e-01 5.8717e-02 2.0053e-02
8.5621 7.4006e-01 5.8665e-02 2.0105e-02
8.5572 7.3940e-01 5.8611e-02 2.0158e-02
8.5474 7.3799e-01 5.8503e-02 2.0266e-02
8.5376 7.3670e-01 5.8403e-02 2.0365e-02
8.5328 7.3607e-01 5.8351e-02 2.0416e-02
8.5279 7.3542e-01 5.8299e-02 2.0468e-02
8.5182 7.3404e-01 5.8191e-02 2.0575e-02
8.5133 7.3339e-01 5.8139e-02 2.0626e-02
8.5109 7.3308e-01 5.8113e-02 2.0652e-02
8.5096 7.3293e-01 5.8100e-02 2.0665e-02
8.5084 7.3277e-01 5.8086e-02 2.0678e-02
8.4987 7.3128e-01 5.7972e-02 2.0792e-02
8.4890 7.2993e-01 5.7868e-02 2.0895e-02
8.4866 7.2962e-01 5.7842e-02 2.0921e-02
8.4841 7.2930e-01 5.7816e-02 2.0947e-02
8.4793 7.2860e-01 5.7759e-02 2.1003e-02
8.4696 7.2714e-01 5.7646e-02 2.1115e-02
8.4648 7.2647e-01 5.7593e-02 2.1168e-02
8.4635 7.2632e-01 5.7580e-02 2.1181e-02
8.4623 7.2616e-01 5.7567e-02 2.1194e-02
8.4599 7.2582e-01 5.7538e-02 2.1222e-02
8.4502 7.2427e-01 5.7419e-02 2.1340e-02
8.4454 7.2356e-01 5.7363e-02 2.1396e-02
8.4406 7.2285e-01 5.7307e-02 2.1452e-02
8.4309 7.2136e-01 5.7191e-02 2.1566e-02
8.4213 7.1997e-01 5.7083e-02 2.1673e-02
8.4189 7.1964e-01 5.7056e-02 2.1701e-02
8.4164 7.1931e-01 5.7028e-02 2.1728e-02
8.4116 7.1858e-01 5.6969e-02 2.1787e-02
8.4020 7.1710e-01 5.6853e-02 2.1901e-02
8.3972 7.1640e-01 5.6798e-02 2.1956e-02
8.3948 7.1608e-01 5.6771e-02 2.1983e-02
8.3924 7.1573e-01 5.6743e-02 2.2011e-02
8.3828 7.1421e-01 5.6625e-02 2.2128e-02
8.3780 7.1350e-01 5.6568e-02 2.2184e-02
8.3732 7.1279e-01 5.6511e-02 2.2241e-02
8.3636 7.1129e-01 5.6395e-02 2.2356e-02
8.3540 7.0989e-01 5.6286e-02 2.2464e-02
8.3516 7.0955e-01 5.6258e-02 2.2491e-02
8.3505 7.0939e-01 5.6245e-02 2.2505e-02
8.3492 7.0923e-01 5.6231e-02 2.2519e-02
8.3445 7.0848e-01 5.6170e-02 2.2579e-02
8.3349 7.0693e-01 5.6050e-02 2.2698e-02
8.3301 7.0621e-01 5.5993e-02 2.2754e-02
8.3277 7.0587e-01 5.5965e-02 2.2782e-02
8.3254 7.0552e-01 5.5936e-02 2.2811e-02
8.3158 7.0395e-01 5.5814e-02 2.2932e-02
8.3111 7.0321e-01 5.5756e-02 2.2989e-02
8.3063 7.0248e-01 5.5698e-02 2.3047e-02
8.2968 7.0096e-01 5.5579e-02 2.3165e-02
8.2873 6.9953e-01 5.5468e-02 2.3275e-02
8.2849 6.9919e-01 5.5440e-02 2.3303e-02
8.2825 6.9885e-01 5.5411e-02 2.3332e-02
8.2778 6.9810e-01 5.5350e-02 2.3392e-02
8.2683 6.9656e-01 5.5231e-02 2.3510e-02
8.2636 6.9584e-01 5.5174e-02 2.3567e-02
8.2588 6.9512e-01 5.5115e-02 2.3625e-02
8.2493 6.9360e-01 5.4998e-02 2.3742e-02
8.2446 6.9287e-01 5.4940e-02 2.3799e-02
8.2423 6.9253e-01 5.4911e-02 2.3828e-02
8.2411 6.9235e-01 5.4896e-02 2.3842e-02
8.2399 6.9217e-01 5.4881e-02 2.3857e-02
8.2304 6.9056e-01 5.4756e-02 2.3981e-02
8.2210 6.8907e-01 5.4641e-02 2.4095e-02
8.2198 6.8889e-01 5.4626e-02 2.4110e-02
8.2186 6.8872e-01 5.4612e-02 2.4124e-02
8.2163 6.8836e-01 5.4582e-02 2.4154e-02
8.2116 6.8755e-01 5.4517e-02 2.4218e-02
8.2021 6.8592e-01 5.4391e-02 2.4343e-02
8.1998 6.8554e-01 5.4361e-02 2.4373e-02
8.1974 6.8518e-01 5.4331e-02 2.4403e-02
8.1927 6.8437e-01 5.4267e-02 2.4467e-02
8.1833 6.8274e-01 5.4141e-02 2.4592e-02
8.1786 6.8197e-01 5.4080e-02 2.4652e-02
8.1763 6.8161e-01 5.4050e-02 2.4682e-02
8.1739 6.8123e-01 5.4018e-02 2.4713e-02
8.1646 6.7958e-01 5.3891e-02 2.4840e-02
8.1599 6.7880e-01 5.3829e-02 2.4901e-02
8.1575 6.7844e-01 5.3799e-02 2.4931e-02
8.1552 6.7806e-01 5.3768e-02 2.4962e-02
8.1458 6.7640e-01 5.3639e-02 2.5089e-02
8.1365 6.7488e-01 5.3521e-02 2.5206e-02
8.1341 6.7451e-01 5.3491e-02 2.5236e-02
8.1318 6.7415e-01 5.3460e-02 2.5266e-02
8.1271 6.7336e-01 5.3396e-02 2.5330e-02
8.1178 6.7174e-01 5.3270e-02 2.5455e-02
8.1155 6.7136e-01 5.3239e-02 2.5486e-02
8.1131 6.7100e-01 5.3209e-02 2.5516e-02
8.1085 6.7019e-01 5.3144e-02 2.5580e-02
8.0992 6.6855e-01 5.3017e-02 2.5706e-02
8.0945 6.6777e-01 5.2955e-02 2.5768e-02
8.0922 6.6740e-01 5.2925e-02 2.5798e-02
8.0899 6.6702e-01 5.2893e-02 2.5830e-02
8.0806 6.6534e-01 5.2762e-02 2.5959e-02
8.0759 6.6454e-01 5.2699e-02 2.6021e-02
8.0736 6.6416e-01 5.2668e-02 2.6052e-02
8.0724 6.6397e-01 5.2652e-02 2.6068e-02
8.0713 6.6378e-01 5.2636e-02 2.6084e-02
8.0620 6.6205e-01 5.2503e-02 2.6216e-02
8.0527 6.6045e-01 5.2379e-02 2.6339e-02
8.0516 6.6026e-01 5.2364e-02 2.6355e-02
8.0504 6.6008e-01 5.2348e-02 2.6370e-02
8.0481 6.5970e-01 5.2316e-02 2.6402e-02
8.0435 6.5884e-01 5.2247e-02 2.6470e-02
8.0342 6.5713e-01 5.2115e-02 2.6601e-02
8.0319 6.5673e-01 5.2083e-02 2.6633e-02
8.0308 6.5655e-01 5.2067e-02 2.6648e-02
8.0296 6.5636e-01 5.2052e-02 2.6664e-02
8.0250 6.5550e-01 5.1984e-02 2.6731e-02
8.0158 6.5377e-01 5.1850e-02 2.6864e-02
8.0112 6.5294e-01 5.1785e-02 2.6929e-02
8.0065 6.5212e-01 5.1719e-02 2.6994e-02
7.9973 6.5043e-01 5.1587e-02 2.7125e-02
7.9927 6.4960e-01 5.1522e-02 2.7190e-02
7.9904 6.4921e-01 5.1489e-02 2.7222e-02
7.9881 6.4880e-01 5.1456e-02 2.7255e-02
8.0516 6.6026e-01 5.2364e-02 2.6355e-02
8.0504 6.6008e-01 5.2348e-02 2.6370e-02
8.0481 6.5970e-01 5.2316e-02 2.6402e-02
8.0435 6.5884e-01 5.2247e-02 2.6470e-02
8.0342 6.5713e-01 5.2115e-02 2.6601e-02
8.0319 6.5673e-01 5.2083e-02 2.6633e-02
8.0308 6.5655e-01 5.2067e-02 2.6648e-02
8.0296 6.5636e-01 5.2052e-02 2.6664e-02
8.0250 6.5550e-01 5.1984e-02 2.6731e-02
8.0158 6.5376e-01 5.1849e-02 2.6865e-02
8.0112 6.5293e-01 5.1784e-02 2.6930e-02
8.0065 6.5211e-01 5.1718e-02 2.6995e-02
7.9973 6.5040e-01 5.1585e-02 2.7127e-02
7.9927 6.4957e-01 5.1519e-02 2.7192e-02
7.9904 6.4918e-01 5.1486e-02 2.7225e-02
7.9881 6.4877e-01 5.1453e-02 2.7258e-02
7.9789 6.4702e-01 5.1316e-02 2.7394e-02
7.9744 6.4618e-01 5.1249e-02 2.7460e-02
7.9721 6.4578e-01 5.1216e-02 2.7492e-02
7.9698 6.4537e-01 5.1183e-02 2.7526e-02
7.9606 6.4360e-01 5.1045e-02 2.7662e-02
7.9514 6.4195e-01 5.0917e-02 2.7790e-02
7.9503 6.4175e-01 5.0900e-02 2.7806e-02
7.9491 6.4156e-01 5.0884e-02 2.7823e-02
7.9468 6.4116e-01 5.0850e-02 2.7856e-02
7.9423 6.4027e-01 5.0779e-02 2.7927e-02
7.9331 6.3849e-01 5.0641e-02 2.8064e-02
7.9308 6.3807e-01 5.0607e-02 2.8097e-02
7.9286 6.3767e-01 5.0574e-02 2.8130e-02
7.9240 6.3678e-01 5.0503e-02 2.8200e-02
7.9149 6.3500e-01 5.0365e-02 2.8338e-02
7.9126 6.3458e-01 5.0331e-02 2.8371e-02
7.9103 6.3418e-01 5.0297e-02 2.8405e-02
7.9057 6.3328e-01 5.0226e-02 2.8475e-02
7.8966 6.3150e-01 5.0087e-02 2.8613e-02
7.8921 6.3064e-01 5.0019e-02 2.8681e-02
7.8910 6.3044e-01 5.0002e-02 2.8697e-02
7.8898 6.3024e-01 4.9986e-02 2.8714e-02
7.8875 6.2982e-01 4.9951e-02 2.8749e-02
7.8784 6.2796e-01 4.9807e-02 2.8891e-02
7.8739 6.2708e-01 4.9737e-02 2.8960e-02
7.8716 6.2666e-01 4.9703e-02 2.8995e-02
7.8694 6.2623e-01 4.9667e-02 2.9030e-02
7.8603 6.2439e-01 4.9524e-02 2.9172e-02
7.8558 6.2350e-01 4.9453e-02 2.9242e-02
7.8535 6.2307e-01 4.9419e-02 2.9277e-02
7.8524 6.2286e-01 4.9401e-02 2.9294e-02
7.8512 6.2265e-01 4.9383e-02 2.9312e-02
7.8422 6.2077e-01 4.9237e-02 2.9456e-02
7.8377 6.1986e-01 4.9166e-02 2.9528e-02
7.8331 6.1896e-01 4.9093e-02 2.9599e-02
7.8241 6.1712e-01 4.8951e-02 2.9741e-02
7.8151 6.1537e-01 4.8814e-02 2.9876e-02
7.8128 6.1495e-01 4.8779e-02 2.9911e-02
7.8106 6.1452e-01 4.8744e-02 2.9946e-02
7.8061 6.1361e-01 4.8670e-02 3.0019e-02
7.7971 6.1177e-01 4.8527e-02 3.0162e-02
7.7948 6.1134e-01 4.8491e-02 3.0197e-02
7.7926 6.1091e-01 4.8456e-02 3.0232e-02
7.7881 6.0999e-01 4.8382e-02 3.0305e-02
7.7791 6.0813e-01 4.8238e-02 3.0448e-02
7.7768 6.0769e-01 4.8202e-02 3.0484e-02
7.7746 6.0726e-01 4.8166e-02 3.0519e-02
7.7701 6.0633e-01 4.8092e-02 3.0593e-02
7.7611 6.0447e-01 4.7947e-02 3.0737e-02
7.7567 6.0357e-01 4.7875e-02 3.0808e-02
7.7522 6.0266e-01 4.7802e-02 3.0880e-02
7.7432 6.0082e-01 4.7659e-02 3.1023e-02
7.7388 5.9991e-01 4.7586e-02 3.1095e-02
7.7376 5.9970e-01 4.7568e-02 3.1113e-02
7.7365 5.9948e-01 4.7551e-02 3.1130e-02
7.7343 5.9903e-01 4.7514e-02 3.1167e-02
7.7254 5.9710e-01 4.7363e-02 3.1317e-02
7.7209 5.9616e-01 4.7289e-02 3.1390e-02
7.7187 5.9572e-01 4.7252e-02 3.1426e-02
7.7164 5.9526e-01 4.7215e-02 3.1464e-02
7.7075 5.9333e-01 4.7064e-02 3.1613e-02
7.7031 5.9238e-01 4.6989e-02 3.1688e-02
7.7008 5.9193e-01 4.6952e-02 3.1724e-02
7.6997 5.9171e-01 4.6934e-02 3.1743e-02
7.6986 5.9148e-01 4.6915e-02 3.1762e-02
7.6897 5.8950e-01 4.6761e-02 3.1914e-02
7.6853 5.8853e-01 4.6684e-02 3.1990e-02
7.6830 5.8807e-01 4.6647e-02 3.2028e-02
7.6819 5.8784e-01 4.6628e-02 3.2047e-02
7.6808 5.8761e-01 4.6608e-02 3.2066e-02
7.6720 5.8561e-01 4.6453e-02 3.2220e-02
7.6675 5.8463e-01 4.6376e-02 3.2297e-02
7.6631 5.8366e-01 4.6298e-02 3.2374e-02
7.6542 5.8171e-01 4.6146e-02 3.2525e-02
7.6498 5.8074e-01 4.6069e-02 3.2601e-02
7.6454 5.7978e-01 4.5992e-02 3.2677e-02
7.6365 5.7783e-01 4.5840e-02 3.2829e-02
7.6277 5.7595e-01 4.5693e-02 3.2975e-02
7.6266 5.7572e-01 4.5674e-02 3.2993e-02
7.6255 5.7550e-01 4.5655e-02 3.3012e-02
7.6233 5.7503e-01 4.5616e-02 3.3050e-02
7.6189 5.7403e-01 4.5536e-02 3.3130e-02
7.6101 5.7203e-01 4.5380e-02 3.3285e-02
7.6079 5.7155e-01 4.5341e-02 3.3323e-02
7.6057 5.7108e-01 4.5303e-02 3.3362e-02
7.6013 5.7008e-01 4.5222e-02 3.3441e-02
7.5925 5.6807e-01 4.5066e-02 3.3596e-02
7.5903 5.6759e-01 4.5027e-02 3.3635e-02
7.5881 5.6711e-01 4.4988e-02 3.3674e-02
7.5837 5.6610e-01 4.4907e-02 3.3755e-02
7.5749 5.6407e-01 4.4749e-02 3.3912e-02
7.5727 5.6358e-01 4.4709e-02 3.3951e-02
7.5705 5.6310e-01 4.4670e-02 3.3990e-02
7.5661 5.6207e-01 4.4588e-02 3.4071e-02
7.5574 5.6002e-01 4.4428e-02 3.4230e-02
7.5552 5.5953e-01 4.4388e-02 3.4270e-02
7.5541 5.5929e-01 4.4368e-02 3.4290e-02
7.5530 5.5905e-01 4.4348e-02 3.4309e-02
7.5486 5.5801e-01 4.4265e-02 3.4392e-02
7.5399 5.5592e-01 4.4103e-02 3.4553e-02
7.5377 5.5541e-01 4.4062e-02 3.4594e-02
7.5366 5.5517e-01 4.4042e-02 3.4614e-02
7.5355 5.5493e-01 4.4022e-02 3.4633e-02
7.5312 5.5387e-01 4.3938e-02 3.4717e-02
7.5224 5.5176e-01 4.3774e-02 3.4880e-02
7.5202 5.5125e-01 4.3733e-02 3.4921e-02
7.5191 5.5100e-01 4.3712e-02 3.4941e-02
7.5181 5.5076e-01 4.3692e-02 3.4961e-02
7.5137 5.4969e-01 4.3607e-02 3.5045e-02
7.5050 5.4756e-01 4.3442e-02 3.5209e-02
7.5028 5.4705e-01 4.3401e-02 3.5250e-02
7.5017 5.4680e-01 4.3380e-02 3.5271e-02
7.5007 5.4656e-01 4.3360e-02 3.5291e-02
7.4963 5.4548e-01 4.3275e-02 3.5376e-02
7.4876 5.4334e-01 4.3108e-02 3.5541e-02
7.4855 5.4283e-01 4.3066e-02 3.5582e-02
7.4844 5.4258e-01 4.3046e-02 3.5603e-02
7.4833 5.4233e-01 4.3025e-02 3.5623e-02
7.4789 5.4125e-01 4.2939e-02 3.5708e-02
7.4703 5.3910e-01 4.2772e-02 3.5875e-02
7.4681 5.3858e-01 4.2730e-02 3.5916e-02
7.4659 5.3807e-01 4.2688e-02 3.5958e-02
7.4616 5.3699e-01 4.2603e-02 3.6043e-02
7.4530 5.3485e-01 4.2435e-02 3.6209e-02
7.4508 5.3433e-01 4.2393e-02 3.6251e-02
7.4486 5.3382e-01 4.2352e-02 3.6292e-02
7.4443 5.3274e-01 4.2265e-02 3.6378e-02
7.4357 5.3060e-01 4.2098e-02 3.6544e-02
7.4335 5.3007e-01 4.2056e-02 3.6586e-02
7.4314 5.2956e-01 4.2014e-02 3.6628e-02
7.4270 5.2848e-01 4.1927e-02 3.6713e-02
7.4184 5.2634e-01 4.1760e-02 3.6880e-02
7.4163 5.2582e-01 4.1718e-02 3.6922e-02
7.4152 5.2557e-01 4.1697e-02 3.6943e-02
7.4141 5.2532e-01 4.1676e-02 3.6963e-02
7.4098 5.2423e-01 4.1589e-02 3.7049e-02
7.4012 5.2206e-01 4.1420e-02 3.7217e-02
7.3991 5.2154e-01 4.1378e-02 3.7259e-02
7.3980 5.2129e-01 4.1357e-02 3.7280e-02
7.3969 5.2104e-01 4.1336e-02 3.7301e-02
7.3926 5.1994e-01 4.1249e-02 3.7387e-02
7.3840 5.1775e-01 4.1079e-02 3.7556e-02
7.3819 5.1722e-01 4.1036e-02 3.7599e-02
7.3808 5.1697e-01 4.1015e-02 3.7620e-02
7.3798 5.1671e-01 4.0994e-02 3.7641e-02
7.3755 5.1560e-01 4.0905e-02 3.7728e-02
7.3669 5.1340e-01 4.0733e-02 3.7899e-02
7.3648 5.1286e-01 4.0690e-02 3.7942e-02
7.3637 5.1260e-01 4.0669e-02 3.7963e-02
7.3626 5.1234e-01 4.0647e-02 3.7984e-02
7.3583 5.1122e-01 4.0558e-02 3.8073e-02
7.3498 5.0899e-01 4.0384e-02 3.8246e-02
7.3477 5.0844e-01 4.0341e-02 3.8289e-02
7.3455 5.0791e-01 4.0297e-02 3.8332e-02
7.3413 5.0679e-01 4.0207e-02 3.8421e-02
7.3327 5.0457e-01 4.0034e-02 3.8593e-02
7.3306 5.0403e-01 3.9991e-02 3.8637e-02
7.3285 5.0349e-01 3.9947e-02 3.8680e-02
7.3242 5.0237e-01 3.9858e-02 3.8769e-02
7.3157 5.0016e-01 3.9685e-02 3.8940e-02
7.3136 4.9962e-01 3.9641e-02 3.8984e-02
7.3114 4.9909e-01 3.9598e-02 3.9027e-02
7.3072 4.9797e-01 3.9508e-02 3.9116e-02
7.2987 4.9575e-01 3.9335e-02 3.9288e-02
7.2976 4.9549e-01 3.9313e-02 3.9309e-02
7.2966 4.9522e-01 3.9291e-02 3.9331e-02
7.3157 5.0016e-01 3.9685e-02 3.8940e-02
7.3136 4.9962e-01 3.9641e-02 3.8984e-02
7.3114 4.9909e-01 3.9598e-02 3.9027e-02
7.3072 4.9797e-01 3.9508e-02 3.9116e-02
7.2987 4.9575e-01 3.9335e-02 3.9288e-02
7.2976 4.9549e-01 3.9313e-02 3.9309e-02
7.2966 4.9522e-01 3.9291e-02 3.9331e-02
7.2945 4.9468e-01 3.9247e-02 3.9375e-02
7.2902 4.9353e-01 3.9156e-02 3.9466e-02
7.2817 4.9128e-01 3.8981e-02 3.9640e-02
7.2807 4.9101e-01 3.8959e-02 3.9662e-02
7.2796 4.9074e-01 3.8936e-02 3.9684e-02
7.2775 4.9020e-01 3.8892e-02 3.9728e-02
7.2733 4.8904e-01 3.8800e-02 3.9819e-02
7.2690 4.8786e-01 3.8707e-02 3.9912e-02
7.2648 4.8670e-01 3.8614e-02 4.0003e-02
7.2564 4.8442e-01 3.8437e-02 4.0179e-02
7.2521 4.8328e-01 3.8347e-02 4.0269e-02
7.2479 4.8214e-01 3.8256e-02 4.0359e-02
7.2395 4.7988e-01 3.8079e-02 4.0535e-02
7.2353 4.7874e-01 3.7989e-02 4.0625e-02
7.2332 4.7819e-01 3.7944e-02 4.0670e-02
7.2321 4.7792e-01 3.7921e-02 4.0692e-02
7.2310 4.7765e-01 3.7898e-02 4.0715e-02
7.2226 4.7534e-01 3.7718e-02 4.0894e-02
7.2184 4.7417e-01 3.7626e-02 4.0986e-02
7.2163 4.7361e-01 3.7580e-02 4.1031e-02
7.2153 4.7334e-01 3.7557e-02 4.1054e-02
7.2142 4.7306e-01 3.7534e-02 4.1076e-02
7.2058 4.7072e-01 3.7352e-02 4.1258e-02
7.2016 4.6954e-01 3.7259e-02 4.1350e-02
7.1995 4.6898e-01 3.7212e-02 4.1396e-02
7.1974 4.6841e-01 3.7166e-02 4.1442e-02
7.1890 4.6606e-01 3.6982e-02 4.1625e-02
7.1849 4.6488e-01 3.6889e-02 4.1717e-02
7.1838 4.6460e-01 3.6866e-02 4.1741e-02
7.1828 4.6432e-01 3.6843e-02 4.1764e-02
7.1807 4.6374e-01 3.6796e-02 4.1810e-02
7.1723 4.6136e-01 3.6609e-02 4.1995e-02
7.1681 4.6016e-01 3.6514e-02 4.2089e-02
7.1639 4.5897e-01 3.6420e-02 4.2184e-02
7.1556 4.5662e-01 3.6235e-02 4.2367e-02
7.1535 4.5604e-01 3.6188e-02 4.2414e-02
7.1514 4.5546e-01 3.6141e-02 4.2461e-02
7.1473 4.5425e-01 3.6044e-02 4.2556e-02
7.1389 4.5188e-01 3.5858e-02 4.2741e-02
7.1368 4.5130e-01 3.5811e-02 4.2788e-02
7.1358 4.5102e-01 3.5788e-02 4.2811e-02
7.1348 4.5073e-01 3.5764e-02 4.2834e-02
7.1306 4.4952e-01 3.5668e-02 4.2931e-02
7.1223 4.4712e-01 3.5480e-02 4.3117e-02
7.1202 4.4654e-01 3.5433e-02 4.3164e-02
7.1181 4.4595e-01 3.5385e-02 4.3211e-02
7.1140 4.4474e-01 3.5288e-02 4.3307e-02
7.1057 4.4234e-01 3.5100e-02 4.3494e-02
7.1047 4.4204e-01 3.5077e-02 4.3518e-02
7.1036 4.4175e-01 3.5053e-02 4.3541e-02
7.1015 4.4116e-01 3.5005e-02 4.3589e-02
7.0974 4.3992e-01 3.4906e-02 4.3687e-02
7.0933 4.3867e-01 3.4806e-02 4.3786e-02
7.0891 4.3742e-01 3.4707e-02 4.3884e-02
7.0808 4.3499e-01 3.4517e-02 4.4073e-02
7.0767 4.3375e-01 3.4420e-02 4.4170e-02
7.0747 4.3315e-01 3.4371e-02 4.4219e-02
7.0736 4.3286e-01 3.4347e-02 4.4243e-02
7.0726 4.3256e-01 3.4322e-02 4.4267e-02
7.0643 4.3008e-01 3.4129e-02 4.4459e-02
7.0602 4.2883e-01 3.4030e-02 4.4558e-02
7.0581 4.2823e-01 3.3980e-02 4.4607e-02
7.0561 4.2762e-01 3.3931e-02 4.4656e-02
7.0478 4.2514e-01 3.3737e-02 4.4848e-02
7.0437 4.2389e-01 3.3638e-02 4.4947e-02
7.0427 4.2359e-01 3.3613e-02 4.4971e-02
7.0417 4.2330e-01 3.3589e-02 4.4996e-02
7.0396 4.2269e-01 3.3539e-02 4.5045e-02
7.0314 4.2018e-01 3.3343e-02 4.5240e-02
7.0293 4.1956e-01 3.3294e-02 4.5289e-02
7.0273 4.1895e-01 3.3244e-02 4.5339e-02
7.0232 4.1767e-01 3.3142e-02 4.5440e-02
7.0150 4.1517e-01 3.2946e-02 4.5634e-02
7.0129 4.1455e-01 3.2897e-02 4.5684e-02
7.0109 4.1394e-01 3.2847e-02 4.5733e-02
7.0068 4.1267e-01 3.2745e-02 4.5834e-02
7.0027 4.1138e-01 3.2643e-02 4.5936e-02
6.9986 4.1010e-01 3.2541e-02 4.6037e-02
6.9976 4.0979e-01 3.2515e-02 4.6062e-02
6.9966 4.0948e-01 3.2490e-02 4.6088e-02
6.9945 4.0885e-01 3.2439e-02 4.6138e-02
6.9904 4.0753e-01 3.2335e-02 4.6241e-02
6.9863 4.0621e-01 3.2231e-02 4.6345e-02
6.9843 4.0557e-01 3.2179e-02 4.6396e-02
6.9822 4.0493e-01 3.2128e-02 4.6447e-02
6.9782 4.0361e-01 3.2024e-02 4.6551e-02
6.9741 4.0229e-01 3.1920e-02 4.6654e-02
6.9700 4.0097e-01 3.1816e-02 4.6758e-02
6.9680 4.0033e-01 3.1764e-02 4.6809e-02
6.9659 3.9969e-01 3.1713e-02 4.6860e-02
6.9619 3.9837e-01 3.1608e-02 4.6964e-02
6.9578 3.9704e-01 3.1503e-02 4.7068e-02
6.9537 3.9571e-01 3.1399e-02 4.7172e-02
6.9527 3.9540e-01 3.1373e-02 4.7198e-02
6.9517 3.9508e-01 3.1347e-02 4.7223e-02
6.9496 3.9444e-01 3.1295e-02 4.7275e-02
6.9456 3.9310e-01 3.1189e-02 4.7380e-02
6.9415 3.9175e-01 3.1084e-02 4.7485e-02
6.9395 3.9110e-01 3.1032e-02 4.7537e-02
6.9375 3.9045e-01 3.0979e-02 4.7589e-02
6.9334 3.8911e-01 3.0874e-02 4.7694e-02
6.9293 3.8777e-01 3.0768e-02 4.7799e-02
6.9253 3.8643e-01 3.0662e-02 4.7904e-02
6.9233 3.8578e-01 3.0610e-02 4.7956e-02
6.9212 3.8513e-01 3.0558e-02 4.8008e-02
6.9172 3.8378e-01 3.0452e-02 4.8113e-02
6.9131 3.8244e-01 3.0345e-02 4.8219e-02
6.9091 3.8110e-01 3.0239e-02 4.8324e-02
6.9081 3.8077e-01 3.0213e-02 4.8351e-02
6.9070 3.8045e-01 3.0187e-02 4.8377e-02
6.9050 3.7980e-01 3.0134e-02 4.8429e-02
6.9010 3.7843e-01 3.0027e-02 4.8536e-02
6.8969 3.7707e-01 2.9919e-02 4.8642e-02
6.8949 3.7641e-01 2.9866e-02 4.8695e-02
6.8939 3.7609e-01 2.9840e-02 4.8721e-02
6.8929 3.7577e-01 2.9813e-02 4.8747e-02
6.8889 3.7440e-01 2.9706e-02 4.8854e-02
6.8848 3.7304e-01 2.9599e-02 4.8961e-02
6.8808 3.7169e-01 2.9492e-02 4.9067e-02
6.8788 3.7103e-01 2.9439e-02 4.9119e-02
6.8768 3.7037e-01 2.9387e-02 4.9172e-02
6.8727 3.6902e-01 2.9280e-02 4.9278e-02
6.8687 3.6767e-01 2.9173e-02 4.9384e-02
6.8647 3.6633e-01 2.9067e-02 4.9489e-02
6.8607 3.6499e-01 2.8962e-02 4.9594e-02
6.8567 3.6366e-01 2.8856e-02 4.9699e-02
6.8526 3.6232e-01 2.8750e-02 4.9804e-02
6.8506 3.6167e-01 2.8698e-02 4.9856e-02
6.8486 3.6102e-01 2.8646e-02 4.9908e-02
6.8446 3.5968e-01 2.8539e-02 5.0014e-02
6.8406 3.5833e-01 2.8433e-02 5.0119e-02
6.8366 3.5700e-01 2.8327e-02 5.0225e-02
6.8356 3.5667e-01 2.8301e-02 5.0251e-02
6.8346 3.5635e-01 2.8275e-02 5.0277e-02
6.8326 3.5570e-01 2.8222e-02 5.0329e-02
6.8286 3.5434e-01 2.8115e-02 5.0435e-02
6.8246 3.5298e-01 2.8008e-02 5.0542e-02
6.8226 3.5232e-01 2.7955e-02 5.0595e-02
6.8216 3.5200e-01 2.7929e-02 5.0621e-02
6.8206 3.5168e-01 2.7902e-02 5.0647e-02
6.8166 3.5032e-01 2.7795e-02 5.0753e-02
6.8126 3.4895e-01 2.7688e-02 5.0860e-02
6.8086 3.4760e-01 2.7581e-02 5.0966e-02
6.8076 3.4728e-01 2.7555e-02 5.0992e-02
6.8066 3.4695e-01 2.7529e-02 5.1018e-02
6.8046 3.4630e-01 2.7476e-02 5.1071e-02
6.8006 3.4493e-01 2.7369e-02 5.1177e-02
6.7966 3.4357e-01 2.7261e-02 5.1284e-02
6.7946 3.4291e-01 2.7208e-02 5.1337e-02
6.7936 3.4258e-01 2.7182e-02 5.1363e-02
6.7926 3.4226e-01 2.7155e-02 5.1389e-02
6.7886 3.4090e-01 2.7048e-02 5.1496e-02
6.7846 3.3953e-01 2.6940e-02 5.1603e-02
6.7806 3.3817e-01 2.6833e-02 5.1709e-02
6.7797 3.3784e-01 2.6806e-02 5.1736e-02
6.7787 3.3751e-01 2.6780e-02 5.1762e-02
6.7767 3.3685e-01 2.6727e-02 5.1815e-02
6.7727 3.3548e-01 2.6619e-02 5.1922e-02
6.7687 3.3410e-01 2.6510e-02 5.2030e-02
6.7667 3.3344e-01 2.6457e-02 5.2083e-02
6.7648 3.3277e-01 2.6403e-02 5.2136e-02
6.7608 3.3140e-01 2.6296e-02 5.2243e-02
6.7568 3.3003e-01 2.6187e-02 5.2351e-02
6.7528 3.2867e-01 2.6080e-02 5.2458e-02
6.7509 3.2800e-01 2.6026e-02 5.2511e-02
6.7489 3.2733e-01 2.5973e-02 5.2564e-02
6.7449 3.2597e-01 2.5865e-02 5.2672e-02
6.7409 3.2459e-01 2.5756e-02 5.2779e-02
6.7390 3.2393e-01 2.5703e-02 5.2833e-02
6.7370 3.2326e-01 2.5649e-02 5.2886e-02
6.7330 3.2189e-01 2.5541e-02 5.2993e-02
6.7291 3.2052e-01 2.5433e-02 5.3101e-02
6.7251 3.1916e-01 2.5325e-02 5.3208e-02
6.7232 3.1850e-01 2.5272e-02 5.3261e-02
6.7212 3.1784e-01 2.5219e-02 5.3314e-02
6.7172 3.1648e-01 2.5111e-02 5.3421e-02
6.7133 3.1511e-01 2.5003e-02 5.3528e-02
6.7113 3.1444e-01 2.4949e-02 5.3581e-02
6.7093 3.1378e-01 2.4896e-02 5.3635e-02
6.7054 3.1242e-01 2.4788e-02 5.3742e-02
6.7015 3.1105e-01 2.4680e-02 5.3849e-02
6.6975 3.0968e-01 2.4572e-02 5.3956e-02
6.6955 3.0901e-01 2.4518e-02 5.4010e-02
6.6936 3.0835e-01 2.4465e-02 5.4063e-02
6.6896 3.0698e-01 2.4356e-02 5.4171e-02
6.6857 3.0561e-01 2.4248e-02 5.4279e-02
6.6837 3.0493e-01 2.4194e-02 5.4332e-02
6.6828 3.0460e-01 2.4167e-02 5.4359e-02
6.6818 3.0428e-01 2.4140e-02 5.4386e-02
6.6779 3.0290e-01 2.4032e-02 5.4493e-02
6.6739 3.0151e-01 2.3922e-02 5.4602e-02
6.6700 3.0014e-01 2.3814e-02 5.4709e-02
6.6690 2.9981e-01 2.3788e-02 5.4736e-02
6.6680 2.9949e-01 2.3761e-02 5.4762e-02
6.6661 2.9882e-01 2.3707e-02 5.4816e-02
6.6621 2.9744e-01 2.3599e-02 5.4924e-02
6.6582 2.9606e-01 2.3490e-02 5.5031e-02
6.6563 2.9539e-01 2.3436e-02 5.5085e-02
6.6553 2.9506e-01 2.3410e-02 5.5112e-02
6.6543 2.9473e-01 2.3383e-02 5.5138e-02
6.6504 2.9336e-01 2.3275e-02 5.5246e-02
6.6465 2.9198e-01 2.3166e-02 5.5353e-02
6.6426 2.9061e-01 2.3058e-02 5.5461e-02
6.6416 2.9028e-01 2.3031e-02 5.5488e-02
6.6406 2.8995e-01 2.3005e-02 5.5514e-02
6.6387 2.8929e-01 2.2951e-02 5.5567e-02
6.6348 2.8791e-01 2.2843e-02 5.5675e-02
6.6309 2.8653e-01 2.2734e-02 5.5782e-02
6.6289 2.8586e-01 2.2681e-02 5.5836e-02
6.6279 2.8553e-01 2.2654e-02 5.5863e-02
6.6270 2.8521e-01 2.2627e-02 5.5889e-02
6.6231 2.8383e-01 2.2519e-02 5.5996e-02
6.6192 2.8246e-01 2.2411e-02 5.6104e-02
6.6153 2.8109e-01 2.2303e-02 5.6211e-02
6.6114 2.7973e-01 2.2195e-02 5.6318e-02
6.6075 2.7837e-01 2.2088e-02 5.6425e-02
6.6036 2.7701e-01 2.1980e-02 5.6532e-02
6.6016 2.7635e-01 2.1927e-02 5.6585e-02
6.5997 2.7568e-01 2.1873e-02 5.6638e-02
6.5958 2.7432e-01 2.1765e-02 5.6745e-02
6.5919 2.7295e-01 2.1657e-02 5.6853e-02
6.5900 2.7228e-01 2.1603e-02 5.6906e-02
6.5880 2.7161e-01 2.1550e-02 5.6960e-02
6.5842 2.7025e-01 2.1441e-02 5.7067e-02
6.5803 2.6887e-01 2.1333e-02 5.7175e-02
6.5764 2.6750e-01 2.1224e-02 5.7283e-02
6.5754 2.6717e-01 2.1198e-02 5.7310e-02
6.5745 2.6684e-01 2.1171e-02 5.7336e-02
6.5725 2.6617e-01 2.1117e-02 5.7390e-02
6.5686 2.6480e-01 2.1008e-02 5.7498e-02
6.5648 2.6342e-01 2.0900e-02 5.7605e-02
6.5629 2.6275e-01 2.0846e-02 5.7659e-02
6.5619 2.6242e-01 2.0819e-02 5.7686e-02
6.5609 2.6209e-01 2.0792e-02 5.7712e-02
6.5571 2.6072e-01 2.0684e-02 5.7819e-02
6.5532 2.5934e-01 2.0576e-02 5.7927e-02
6.5493 2.5797e-01 2.0468e-02 5.8034e-02
6.5455 2.5661e-01 2.0361e-02 5.8141e-02
6.5416 2.5525e-01 2.0253e-02 5.8248e-02
6.5377 2.5390e-01 2.0146e-02 5.8355e-02
6.5358 2.5323e-01 2.0092e-02 5.8408e-02
6.5339 2.5257e-01 2.0039e-02 5.8461e-02
6.5300 2.5121e-01 1.9931e-02 5.8568e-02
6.5262 2.4984e-01 1.9823e-02 5.8675e-02
6.5243 2.4917e-01 1.9769e-02 5.8729e-02
6.5233 2.4884e-01 1.9742e-02 5.8756e-02
6.5223 2.4852e-01 1.9716e-02 5.8782e-02
6.5185 2.4715e-01 1.9608e-02 5.8889e-02
6.5146 2.4577e-01 1.9499e-02 5.8997e-02
6.5108 2.4441e-01 1.9391e-02 5.9104e-02
6.5098 2.4408e-01 1.9365e-02 5.9131e-02
6.5089 2.4375e-01 1.9338e-02 5.9158e-02
6.5069 2.4308e-01 1.9284e-02 5.9211e-02
6.5031 2.4171e-01 1.9176e-02 5.9318e-02
6.4993 2.4034e-01 1.9068e-02 5.9426e-02
6.4974 2.3966e-01 1.9014e-02 5.9480e-02
6.4954 2.3900e-01 1.8960e-02 5.9533e-02
6.4916 2.3763e-01 1.8852e-02 5.9640e-02
6.4878 2.3625e-01 1.8743e-02 5.9748e-02
6.4859 2.3558e-01 1.8690e-02 5.9802e-02
6.4849 2.3525e-01 1.8663e-02 5.9828e-02
6.4840 2.3492e-01 1.8636e-02 5.9855e-02
6.4801 2.3354e-01 1.8527e-02 5.9963e-02
6.4763 2.3216e-01 1.8419e-02 6.0071e-02
6.4725 2.3078e-01 1.8310e-02 6.0179e-02
6.4715 2.3045e-01 1.8283e-02 6.0206e-02
6.4706 2.3012e-01 1.8256e-02 6.0232e-02
6.4687 2.2945e-01 1.8202e-02 6.0286e-02
6.4648 2.2807e-01 1.8094e-02 6.0394e-02
6.4610 2.2669e-01 1.7986e-02 6.0501e-02
6.4591 2.2602e-01 1.7931e-02 6.0555e-02
6.4572 2.2534e-01 1.7878e-02 6.0609e-02
6.4534 2.2397e-01 1.7770e-02 6.0716e-02
6.4496 2.2260e-01 1.7661e-02 6.0824e-02
6.4477 2.2193e-01 1.7607e-02 6.0877e-02
6.4467 2.2160e-01 1.7580e-02 6.0904e-02
6.4458 2.2127e-01 1.7554e-02 6.0931e-02
6.4420 2.1989e-01 1.7445e-02 6.1038e-02
6.4382 2.1852e-01 1.7337e-02 6.1146e-02
6.4343 2.1715e-01 1.7229e-02 6.1253e-02
6.4334 2.1681e-01 1.7202e-02 6.1280e-02
6.4324 2.1648e-01 1.7175e-02 6.1307e-02
6.4305 2.1581e-01 1.7121e-02 6.1360e-02
6.4267 2.1444e-01 1.7013e-02 6.1468e-02
6.4229 2.1306e-01 1.6904e-02 6.1575e-02
6.4210 2.1239e-01 1.6851e-02 6.1629e-02
6.4191 2.1171e-01 1.6797e-02 6.1683e-02
6.4154 2.1035e-01 1.6689e-02 6.1790e-02
6.4116 2.0898e-01 1.6581e-02 6.1897e-02
6.4097 2.0831e-01 1.6527e-02 6.1950e-02
6.4087 2.0798e-01 1.6500e-02 6.1977e-02
6.4078 2.0765e-01 1.6474e-02 6.2004e-02
6.4040 2.0629e-01 1.6366e-02 6.2110e-02
6.4002 2.0492e-01 1.6259e-02 6.2217e-02
6.3964 2.0356e-01 1.6152e-02 6.2323e-02
6.3926 2.0221e-01 1.6045e-02 6.2430e-02
6.3888 2.0086e-01 1.5938e-02 6.2536e-02
6.3851 1.9952e-01 1.5832e-02 6.2641e-02
6.3841 1.9919e-01 1.5805e-02 6.2668e-02
6.3832 1.9887e-01 1.5779e-02 6.2694e-02
6.3813 1.9821e-01 1.5726e-02 6.2747e-02
6.3775 1.9686e-01 1.5619e-02 6.2852e-02
6.3737 1.9551e-01 1.5513e-02 6.2958e-02
6.3719 1.9485e-01 1.5460e-02 6.3011e-02
6.3700 1.9420e-01 1.5407e-02 6.3063e-02
6.3662 1.9285e-01 1.5301e-02 6.3169e-02
6.3624 1.9151e-01 1.5195e-02 6.3274e-02
6.3605 1.9085e-01 1.5142e-02 6.3327e-02
6.3596 1.9052e-01 1.5116e-02 6.3353e-02
6.3587 1.9020e-01 1.5090e-02 6.3379e-02
6.3549 1.8885e-01 1.4984e-02 6.3484e-02
6.3511 1.8751e-01 1.4878e-02 6.3590e-02
6.3474 1.8617e-01 1.4772e-02 6.3695e-02
6.3436 1.8483e-01 1.4666e-02 6.3799e-02
6.3399 1.8351e-01 1.4561e-02 6.3904e-02
6.3361 1.8218e-01 1.4456e-02 6.4008e-02
6.3352 1.8185e-01 1.4430e-02 6.4035e-02
6.3342 1.8154e-01 1.4404e-02 6.4061e-02
6.3324 1.8089e-01 1.4351e-02 6.4112e-02
6.3286 1.7956e-01 1.4247e-02 6.4216e-02
6.3249 1.7824e-01 1.4142e-02 6.4320e-02
6.3230 1.7758e-01 1.4090e-02 6.4372e-02
6.3211 1.7694e-01 1.4038e-02 6.4424e-02
6.3174 1.7562e-01 1.3934e-02 6.4527e-02
6.3136 1.7430e-01 1.3830e-02 6.4630e-02
6.3211 1.7694e-01 1.4038e-02 6.4424e-02
6.3174 1.7562e-01 1.3934e-02 6.4527e-02
6.3136 1.7430e-01 1.3830e-02 6.4630e-02
6.3118 1.7365e-01 1.3778e-02 6.4682e-02
6.3108 1.7333e-01 1.3752e-02 6.4708e-02
6.3099 1.7301e-01 1.3726e-02 6.4733e-02
6.3061 1.7170e-01 1.3623e-02 6.4836e-02
6.3024 1.7039e-01 1.3519e-02 6.4939e-02
6.3005 1.6974e-01 1.3467e-02 6.4991e-02
6.2987 1.6910e-01 1.3416e-02 6.5042e-02
6.2949 1.6780e-01 1.3313e-02 6.5144e-02
6.2912 1.6649e-01 1.3210e-02 6.5246e-02
6.2875 1.6520e-01 1.3107e-02 6.5348e-02
6.2866 1.6488e-01 1.3082e-02 6.5374e-02
6.2856 1.6456e-01 1.3056e-02 6.5399e-02
6.2838 1.6393e-01 1.3005e-02 6.5449e-02
6.2800 1.6263e-01 1.2903e-02 6.5551e-02
6.2763 1.6134e-01 1.2801e-02 6.5652e-02
6.2744 1.6070e-01 1.2750e-02 6.5703e-02
6.2726 1.6007e-01 1.2700e-02 6.5753e-02
6.2689 1.5879e-01 1.2599e-02 6.5853e-02
6.2652 1.5751e-01 1.2497e-02 6.5954e-02
6.2633 1.5688e-01 1.2447e-02 6.6004e-02
6.2614 1.5625e-01 1.2397e-02 6.6054e-02
6.2577 1.5498e-01 1.2296e-02 6.6154e-02
6.2540 1.5370e-01 1.2195e-02 6.6254e-02
6.2522 1.5307e-01 1.2145e-02 6.6304e-02
6.2512 1.5277e-01 1.2120e-02 6.6328e-02
6.2503 1.5246e-01 1.2096e-02 6.6353e-02
6.2466 1.5119e-01 1.1996e-02 6.6452e-02
6.2429 1.4993e-01 1.1896e-02 6.6551e-02
6.2410 1.4930e-01 1.1846e-02 6.6601e-02
6.2392 1.4869e-01 1.1796e-02 6.6650e-02
6.2355 1.4743e-01 1.1697e-02 6.6749e-02
6.2318 1.4617e-01 1.1598e-02 6.6847e-02
6.2281 1.4492e-01 1.1499e-02 6.6945e-02
6.2271 1.4462e-01 1.1475e-02 6.6970e-02
6.2262 1.4431e-01 1.1450e-02 6.6994e-02
6.2244 1.4370e-01 1.1401e-02 6.7043e-02
6.2207 1.4246e-01 1.1302e-02 6.7141e-02
6.2170 1.4121e-01 1.1204e-02 6.7238e-02
6.2161 1.4091e-01 1.1180e-02 6.7263e-02
6.2152 1.4060e-01 1.1155e-02 6.7287e-02
6.2133 1.3999e-01 1.1106e-02 6.7336e-02
6.2096 1.3875e-01 1.1008e-02 6.7433e-02
6.2059 1.3751e-01 1.0910e-02 6.7530e-02
6.2041 1.3689e-01 1.0861e-02 6.7579e-02
6.2022 1.3629e-01 1.0813e-02 6.7627e-02
6.1986 1.3505e-01 1.0715e-02 6.7724e-02
6.1949 1.3382e-01 1.0618e-02 6.7820e-02
6.1930 1.3321e-01 1.0570e-02 6.7868e-02
6.1912 1.3261e-01 1.0521e-02 6.7916e-02
6.1875 1.3139e-01 1.0425e-02 6.8012e-02
6.1838 1.3018e-01 1.0329e-02 6.8107e-02
6.1820 1.2958e-01 1.0281e-02 6.8155e-02
6.1811 1.2928e-01 1.0257e-02 6.8179e-02
6.1802 1.2899e-01 1.0233e-02 6.8202e-02
6.1765 1.2779e-01 1.0139e-02 6.8296e-02
6.1728 1.2659e-01 1.0044e-02 6.8390e-02
6.1710 1.2600e-01 9.9968e-03 6.8437e-02
6.1701 1.2571e-01 9.9733e-03 6.8460e-02
6.1692 1.2542e-01 9.9499e-03 6.8484e-02
6.1655 1.2423e-01 9.8564e-03 6.8576e-02
6.1618 1.2305e-01 9.7628e-03 6.8669e-02
6.1600 1.2246e-01 9.7161e-03 6.8715e-02
6.1582 1.2188e-01 9.6696e-03 6.8762e-02
6.1545 1.2071e-01 9.5770e-03 6.8854e-02
6.1508 1.1954e-01 9.4844e-03 6.8945e-02
6.1472 1.1837e-01 9.3923e-03 6.9037e-02
6.1463 1.1808e-01 9.3693e-03 6.9060e-02
6.1454 1.1780e-01 9.3464e-03 6.9083e-02
6.1435 1.1723e-01 9.3007e-03 6.9128e-02
6.1399 1.1608e-01 9.2095e-03 6.9218e-02
6.1362 1.1492e-01 9.1185e-03 6.9309e-02
6.1353 1.1464e-01 9.0958e-03 6.9331e-02
6.1344 1.1436e-01 9.0731e-03 6.9354e-02
6.1326 1.1379e-01 9.0279e-03 6.9399e-02
6.1289 1.1265e-01 8.9377e-03 6.9488e-02
6.1253 1.1151e-01 8.8477e-03 6.9577e-02
6.1244 1.1123e-01 8.8252e-03 6.9600e-02
6.1235 1.1095e-01 8.8028e-03 6.9622e-02
6.1216 1.1039e-01 8.7582e-03 6.9666e-02
6.1180 1.0926e-01 8.6689e-03 6.9755e-02
6.1143 1.0813e-01 8.5800e-03 6.9843e-02
6.1125 1.0757e-01 8.5357e-03 6.9887e-02
6.1107 1.0702e-01 8.4914e-03 6.9931e-02
6.1071 1.0591e-01 8.4035e-03 7.0018e-02
6.1034 1.0480e-01 8.3158e-03 7.0105e-02
6.1016 1.0425e-01 8.2720e-03 7.0149e-02
6.0998 1.0370e-01 8.2284e-03 7.0192e-02
6.0962 1.0261e-01 8.1417e-03 7.0278e-02
6.0926 1.0151e-01 8.0553e-03 7.0363e-02
6.0907 1.0097e-01 8.0122e-03 7.0406e-02
6.0889 1.0043e-01 7.9692e-03 7.0449e-02
6.0853 9.9353e-02 7.8838e-03 7.0534e-02
6.0817 9.8273e-02 7.7986e-03 7.0618e-02
6.0799 9.7741e-02 7.7561e-03 7.0660e-02
6.0790 9.7479e-02 7.7349e-03 7.0681e-02
6.0781 9.7219e-02 7.7138e-03 7.0702e-02
6.0744 9.6154e-02 7.6299e-03 7.0786e-02
6.0708 9.5090e-02 7.5461e-03 7.0869e-02
6.0690 9.4565e-02 7.5042e-03 7.0910e-02
6.0681 9.4307e-02 7.4833e-03 7.0931e-02
6.0672 9.4050e-02 7.4626e-03 7.0952e-02
6.0636 9.3002e-02 7.3800e-03 7.1033e-02
6.0600 9.1954e-02 7.2974e-03 7.1115e-02
6.0582 9.1437e-02 7.2561e-03 7.1156e-02
6.0573 9.1182e-02 7.2355e-03 7.1177e-02
6.0564 9.0929e-02 7.2151e-03 7.1197e-02
6.0527 8.9895e-02 7.1336e-03 7.1278e-02
6.0491 8.8861e-02 7.0521e-03 7.1358e-02
6.0473 8.8351e-02 7.0115e-03 7.1399e-02
6.0464 8.8100e-02 6.9912e-03 7.1419e-02
6.0455 8.7851e-02 6.9710e-03 7.1439e-02
6.0419 8.6833e-02 6.8908e-03 7.1518e-02
6.0383 8.5816e-02 6.8106e-03 7.1598e-02
6.0365 8.5314e-02 6.7706e-03 7.1638e-02
6.0356 8.5067e-02 6.7507e-03 7.1657e-02
6.0347 8.4821e-02 6.7308e-03 7.1677e-02
6.0311 8.3820e-02 6.6519e-03 7.1755e-02
6.0275 8.2819e-02 6.5730e-03 7.1833e-02
6.0257 8.2326e-02 6.5337e-03 7.1872e-02
6.0239 8.1837e-02 6.4945e-03 7.1911e-02
6.0203 8.0852e-02 6.4168e-03 7.1988e-02
6.0168 7.9871e-02 6.3393e-03 7.2065e-02
6.0150 7.9387e-02 6.3007e-03 7.2103e-02
6.0132 7.8907e-02 6.2622e-03 7.2142e-02
6.0096 7.7941e-02 6.1858e-03 7.2217e-02
6.0060 7.6978e-02 6.1098e-03 7.2292e-02
6.0042 7.6503e-02 6.0719e-03 7.2330e-02
6.0024 7.6033e-02 6.0341e-03 7.2368e-02
5.9988 7.5086e-02 5.9592e-03 7.2442e-02
5.9953 7.4141e-02 5.8846e-03 7.2516e-02
5.9935 7.3675e-02 5.8474e-03 7.2553e-02
5.9917 7.3213e-02 5.8103e-03 7.2589e-02
5.9881 7.2283e-02 5.7368e-03 7.2662e-02
5.9845 7.1356e-02 5.6636e-03 7.2735e-02
5.9827 7.0899e-02 5.6271e-03 7.2771e-02
5.9810 7.0445e-02 5.5907e-03 7.2807e-02
5.9774 6.9534e-02 5.5188e-03 7.2878e-02
5.9738 6.8627e-02 5.4471e-03 7.2949e-02
5.9720 6.8179e-02 5.4114e-03 7.2985e-02
5.9703 6.7736e-02 5.3758e-03 7.3020e-02
5.9667 6.6845e-02 5.3054e-03 7.3090e-02
5.9631 6.5957e-02 5.2353e-03 7.3159e-02
5.9613 6.5518e-02 5.2003e-03 7.3194e-02
5.9596 6.5084e-02 5.1655e-03 7.3228e-02
5.9560 6.4211e-02 5.0965e-03 7.3296e-02
5.9524 6.3341e-02 5.0279e-03 7.3364e-02
5.9507 6.2911e-02 4.9935e-03 7.3398e-02
5.9489 6.2486e-02 4.9594e-03 7.3432e-02
5.9453 6.1631e-02 4.8919e-03 7.3499e-02
5.9418 6.0780e-02 4.8247e-03 7.3566e-02
5.9400 6.0360e-02 4.7911e-03 7.3599e-02
5.9382 5.9943e-02 4.7577e-03 7.3632e-02
5.9347 5.9107e-02 4.6916e-03 7.3697e-02
5.9311 5.8272e-02 4.6257e-03 7.3763e-02
5.9294 5.7859e-02 4.5927e-03 7.3795e-02
5.9276 5.7450e-02 4.5598e-03 7.3828e-02
5.9241 5.6627e-02 4.4948e-03 7.3892e-02
5.9205 5.5805e-02 4.4300e-03 7.3956e-02
5.9187 5.5398e-02 4.3976e-03 7.3988e-02
5.9170 5.4995e-02 4.3653e-03 7.4020e-02
5.9134 5.4187e-02 4.3015e-03 7.4083e-02
5.9099 5.3381e-02 4.2380e-03 7.4146e-02
5.9081 5.2983e-02 4.2063e-03 7.4178e-02
5.9072 5.2787e-02 4.1904e-03 7.4193e-02
5.9064 5.2592e-02 4.1747e-03 7.4209e-02
5.9028 5.1805e-02 4.1126e-03 7.4270e-02
5.8993 5.1020e-02 4.0508e-03 7.4331e-02
5.8975 5.0632e-02 4.0199e-03 7.4362e-02
5.8967 5.0441e-02 4.0045e-03 7.4377e-02
5.8958 5.0252e-02 3.9892e-03 7.4393e-02
5.8922 4.9488e-02 3.9290e-03 7.4452e-02
5.8887 4.8726e-02 3.8690e-03 7.4511e-02
5.8870 4.8350e-02 3.8390e-03 7.4541e-02
5.8861 4.8164e-02 3.8240e-03 7.4556e-02
5.8852 4.7981e-02 3.8092e-03 7.4571e-02
5.8817 4.7239e-02 3.7507e-03 7.4628e-02
5.8781 4.6499e-02 3.6924e-03 7.4686e-02
5.8764 4.6133e-02 3.6633e-03 7.4715e-02
5.8755 4.5953e-02 3.6487e-03 7.4729e-02
5.8746 4.5775e-02 3.6343e-03 7.4744e-02
5.8711 4.5053e-02 3.5774e-03 7.4800e-02
5.8676 4.4333e-02 3.5207e-03 7.4856e-02
5.8659 4.3976e-02 3.4923e-03 7.4884e-02
5.8650 4.3800e-02 3.4780e-03 7.4898e-02
5.8641 4.3626e-02 3.4640e-03 7.4912e-02
5.8606 4.2921e-02 3.4085e-03 7.4967e-02
5.8571 4.2219e-02 3.3531e-03 7.5021e-02
5.8553 4.1871e-02 3.3254e-03 7.5049e-02
5.8536 4.1527e-02 3.2979e-03 7.5076e-02
5.8501 4.0840e-02 3.2437e-03 7.5130e-02
5.8466 4.0157e-02 3.1899e-03 7.5183e-02
5.8448 3.9820e-02 3.1629e-03 7.5209e-02
5.8431 3.9486e-02 3.1361e-03 7.5236e-02
5.8396 3.8820e-02 3.0836e-03 7.5288e-02
5.8361 3.8159e-02 3.0315e-03 7.5339e-02
5.8343 3.7832e-02 3.0054e-03 7.5365e-02
5.8326 3.7509e-02 2.9795e-03 7.5390e-02
5.8291 3.6867e-02 2.9287e-03 7.5440e-02
5.8256 3.6228e-02 2.8783e-03 7.5490e-02
5.8247 3.6070e-02 2.8657e-03 7.5503e-02
5.8238 3.5914e-02 2.8531e-03 7.5515e-02
5.8221 3.5604e-02 2.8281e-03 7.5540e-02
5.8186 3.4983e-02 2.7792e-03 7.5588e-02
5.8151 3.4367e-02 2.7306e-03 7.5636e-02
5.8142 3.4214e-02 2.7185e-03 7.5648e-02
5.8134 3.4064e-02 2.7064e-03 7.5660e-02
5.8116 3.3765e-02 2.6824e-03 7.5684e-02
5.8081 3.3170e-02 2.6355e-03 7.5730e-02
5.8047 3.2580e-02 2.5890e-03 7.5776e-02
5.8038 3.2434e-02 2.5774e-03 7.5787e-02
5.8029 3.2291e-02 2.5658e-03 7.5799e-02
5.8012 3.2005e-02 2.5429e-03 7.5821e-02
5.7977 3.1437e-02 2.4981e-03 7.5865e-02
5.7942 3.0873e-02 2.4537e-03 7.5909e-02
5.7908 3.0317e-02 2.4098e-03 7.5952e-02
5.7873 2.9769e-02 2.3664e-03 7.5995e-02
5.7855 2.9499e-02 2.3448e-03 7.6016e-02
5.7847 2.9366e-02 2.3340e-03 7.6027e-02
5.7838 2.9234e-02 2.3234e-03 7.6037e-02
5.7803 2.8705e-02 2.2817e-03 7.6078e-02
5.7769 2.8181e-02 2.2404e-03 7.6119e-02
5.7751 2.7921e-02 2.2197e-03 7.6140e-02
5.7743 2.7792e-02 2.2093e-03 7.6150e-02
5.7734 2.7666e-02 2.1990e-03 7.6160e-02
5.7699 2.7158e-02 2.1590e-03 7.6199e-02
5.7665 2.6652e-02 2.1192e-03 7.6238e-02
5.7647 2.6401e-02 2.0992e-03 7.6258e-02
5.7639 2.6277e-02 2.0892e-03 7.6268e-02
5.7630 2.6155e-02 2.0793e-03 7.6278e-02
5.7595 2.5664e-02 2.0407e-03 7.6316e-02
5.7561 2.5175e-02 2.0023e-03 7.6353e-02
5.7544 2.4934e-02 1.9830e-03 7.6372e-02
5.7526 2.4695e-02 1.9639e-03 7.6391e-02
5.7492 2.4224e-02 1.9267e-03 7.6428e-02
5.7457 2.3758e-02 1.8899e-03 7.6464e-02
5.7449 2.3642e-02 1.8807e-03 7.6473e-02
5.7440 2.3527e-02 1.8714e-03 7.6482e-02
5.7423 2.3301e-02 1.8532e-03 7.6500e-02
5.7388 2.2851e-02 1.8178e-03 7.6535e-02
5.7354 2.2404e-02 1.7826e-03 7.6569e-02
5.7345 2.2292e-02 1.7738e-03 7.6578e-02
5.7337 2.2183e-02 1.7649e-03 7.6587e-02
5.7320 2.1965e-02 1.7475e-03 7.6604e-02
5.7285 2.1533e-02 1.7134e-03 7.6637e-02
5.7251 2.1103e-02 1.6796e-03 7.6670e-02
5.7216 2.0678e-02 1.6459e-03 7.6703e-02
5.7182 2.0257e-02 1.6126e-03 7.6736e-02
5.7165 2.0049e-02 1.5960e-03 7.6753e-02
5.7148 1.9842e-02 1.5794e-03 7.6769e-02
5.7113 1.9435e-02 1.5472e-03 7.6800e-02
5.7079 1.9030e-02 1.5153e-03 7.6832e-02
5.7062 1.8829e-02 1.4993e-03 7.6847e-02
5.7053 1.8730e-02 1.4912e-03 7.6855e-02
5.7044 1.8632e-02 1.4833e-03 7.6863e-02
5.7010 1.8242e-02 1.4526e-03 7.6893e-02
5.6976 1.7854e-02 1.4220e-03 7.6923e-02
5.6959 1.7660e-02 1.4066e-03 7.6938e-02
5.6955 1.7612e-02 1.4027e-03 7.6942e-02
5.6950 1.7565e-02 1.3988e-03 7.6946e-02
5.6942 1.7471e-02 1.3912e-03 7.6953e-02
5.6908 1.7095e-02 1.3617e-03 7.6982e-02
5.6873 1.6721e-02 1.3322e-03 7.7011e-02
5.6865 1.6627e-02 1.3248e-03 7.7018e-02
5.6856 1.6535e-02 1.3173e-03 7.7026e-02
5.6839 1.6352e-02 1.3026e-03 7.7040e-02
5.6805 1.5989e-02 1.2740e-03 7.7068e-02
5.6771 1.5628e-02 1.2456e-03 7.7096e-02
5.6762 1.5537e-02 1.2384e-03 7.7103e-02
5.6754 1.5448e-02 1.2311e-03 7.7110e-02
5.6737 1.5271e-02 1.2169e-03 7.7124e-02
5.6702 1.4920e-02 1.1893e-03 7.7151e-02
5.6668 1.4570e-02 1.1617e-03 7.7178e-02
5.6634 1.4224e-02 1.1343e-03 7.7205e-02
5.6600 1.3883e-02 1.1073e-03 7.7231e-02
5.6583 1.3714e-02 1.0938e-03 7.7244e-02
5.6575 1.3630e-02 1.0869e-03 7.7251e-02
5.6570 1.3589e-02 1.0836e-03 7.7254e-02
5.6566 1.3548e-02 1.0803e-03 7.7258e-02
5.6532 1.3221e-02 1.0545e-03 7.7283e-02
5.6498 1.2894e-02 1.0288e-03 7.7308e-02
5.6481 1.2732e-02 1.0159e-03 7.7320e-02
5.6472 1.2651e-02 1.0093e-03 7.7327e-02
5.6464 1.2572e-02 1.0029e-03 7.7333e-02
5.6430 1.2259e-02 9.7826e-04 7.7357e-02
5.6396 1.1946e-02 9.5364e-04 7.7381e-02
5.6379 1.1790e-02 9.4122e-04 7.7393e-02
5.6362 1.1637e-02 9.2888e-04 7.7405e-02
5.6328 1.1338e-02 9.0531e-04 7.7428e-02
5.6294 1.1042e-02 8.8196e-04 7.7451e-02
5.6286 1.0967e-02 8.7608e-04 7.7457e-02
5.6277 1.0894e-02 8.7010e-04 7.7462e-02
5.6260 1.0750e-02 8.5847e-04 7.7474e-02
5.6226 1.0466e-02 8.3617e-04 7.7495e-02
5.6209 1.0323e-02 8.2488e-04 7.7506e-02
5.6193 1.0183e-02 8.1355e-04 7.7517e-02
5.6159 9.9088e-03 7.9196e-04 7.7538e-02
5.6125 9.6361e-03 7.7047e-04 7.7559e-02
5.6108 9.4999e-03 7.5962e-04 7.7570e-02
5.6099 9.4327e-03 7.5414e-04 7.7575e-02
5.6091 9.3667e-03 7.4877e-04 7.7580e-02
5.6057 9.1082e-03 7.2847e-04 7.7600e-02
5.6023 8.8518e-03 7.0829e-04 7.7619e-02
5.6006 8.7242e-03 6.9812e-04 7.7629e-02
5.5990 8.5995e-03 6.8803e-04 7.7639e-02
5.5956 8.3577e-03 6.6899e-04 7.7658e-02
5.5922 8.1189e-03 6.5016e-04 7.7676e-02
5.5914 8.0589e-03 6.4543e-04 7.7680e-02
5.5905 7.9999e-03 6.4058e-04 7.7685e-02
5.5888 7.8845e-03 6.3124e-04 7.7694e-02
5.5855 7.6594e-03 6.1356e-04 7.7711e-02
5.5821 7.4368e-03 5.9603e-04 7.7728e-02
5.5787 7.2194e-03 5.7879e-04 7.7745e-02
5.5754 7.0083e-03 5.6204e-04 7.7761e-02
5.5737 6.9036e-03 5.5366e-04 7.7769e-02
5.5728 6.8522e-03 5.4943e-04 7.7773e-02
5.5720 6.8018e-03 5.4531e-04 7.7777e-02
5.5686 6.6065e-03 5.2998e-04 7.7792e-02
5.5653 6.4126e-03 5.1470e-04 7.7807e-02
5.5636 6.3158e-03 5.0695e-04 7.7814e-02
5.5619 6.2217e-03 4.9927e-04 7.7821e-02
5.5586 6.0406e-03 4.8502e-04 7.7835e-02
5.5552 5.8620e-03 4.7093e-04 7.7849e-02
5.5544 5.8170e-03 4.6738e-04 7.7852e-02
5.5536 5.7728e-03 4.6372e-04 7.7855e-02
5.5519 5.6871e-03 4.5673e-04 7.7862e-02
5.5485 5.5207e-03 4.4369e-04 7.7875e-02
5.5452 5.3552e-03 4.3064e-04 7.7887e-02
5.5418 5.1930e-03 4.1774e-04 7.7899e-02
5.5385 5.0345e-03 4.0514e-04 7.7911e-02
5.5368 4.9551e-03 3.9877e-04 7.7918e-02
5.5360 4.9159e-03 3.9553e-04 7.7921e-02
5.5351 4.8777e-03 3.9239e-04 7.7924e-02
5.5318 4.7306e-03 3.8088e-04 7.7935e-02
5.5285 4.5832e-03 3.6927e-04 7.7946e-02
5.5268 4.5090e-03 3.6332e-04 7.7951e-02
5.5251 4.4368e-03 3.5741e-04 7.7957e-02
5.5218 4.2987e-03 3.4658e-04 7.7967e-02
5.5184 4.1611e-03 3.3574e-04 7.7978e-02
5.5176 4.1259e-03 3.3299e-04 7.7980e-02
5.5168 4.0913e-03 3.3010e-04 7.7983e-02
5.5151 4.0247e-03 3.2464e-04 7.7988e-02
5.5118 3.8965e-03 3.1465e-04 7.7997e-02
5.5101 3.8307e-03 3.0944e-04 7.8002e-02
5.5093 3.7980e-03 3.0672e-04 7.8005e-02
5.5084 3.7664e-03 3.0410e-04 7.8007e-02
5.5051 3.6454e-03 2.9469e-04 7.8016e-02
5.5018 3.5238e-03 2.8512e-04 7.8025e-02
5.4985 3.4051e-03 2.7568e-04 7.8034e-02
5.4951 3.2898e-03 2.6650e-04 7.8043e-02
5.4918 3.1780e-03 2.5761e-04 7.8051e-02
5.5385 5.0345e-03 4.0514e-04 7.7911e-02
5.5368 4.9550e-03 3.9877e-04 7.7918e-02
5.5360 4.9159e-03 3.9552e-04 7.7921e-02
5.5351 4.8777e-03 3.9238e-04 7.7924e-02
5.5318 4.7306e-03 3.8088e-04 7.7935e-02
5.5285 4.5833e-03 3.6928e-04 7.7946e-02
5.5268 4.5091e-03 3.6333e-04 7.7951e-02
5.5251 4.4370e-03 3.5742e-04 7.7957e-02
5.5218 4.2990e-03 3.4661e-04 7.7967e-02
5.5184 4.1616e-03 3.3579e-04 7.7977e-02
5.5176 4.1265e-03 3.3303e-04 7.7980e-02
5.5168 4.0920e-03 3.3015e-04 7.7983e-02
5.5151 4.0254e-03 3.2470e-04 7.7988e-02
5.5118 3.8973e-03 3.1472e-04 7.7997e-02
5.5101 3.8316e-03 3.0952e-04 7.8002e-02
5.5093 3.7990e-03 3.0680e-04 7.8005e-02
5.5084 3.7674e-03 3.0419e-04 7.8007e-02
5.5051 3.6467e-03 2.9481e-04 7.8016e-02
5.5018 3.5255e-03 2.8528e-04 7.8025e-02
5.4985 3.4072e-03 2.7587e-04 7.8034e-02
5.4951 3.2922e-03 2.6674e-04 7.8043e-02
5.4918 3.1809e-03 2.5788e-04 7.8051e-02
5.4885 3.0723e-03 2.4926e-04 7.8059e-02
5.4852 2.9661e-03 2.4083e-04 7.8067e-02
5.4819 2.8621e-03 2.3257e-04 7.8075e-02
5.4785 2.7600e-03 2.2447e-04 7.8082e-02
5.4752 2.6597e-03 2.1651e-04 7.8090e-02
5.4719 2.5611e-03 2.0867e-04 7.8097e-02
5.4686 2.4641e-03 2.0097e-04 7.8104e-02
5.4653 2.3684e-03 1.9338e-04 7.8111e-02
5.4620 2.2738e-03 1.8588e-04 7.8118e-02
5.4587 2.1805e-03 1.7847e-04 7.8125e-02
5.4554 2.0881e-03 1.7115e-04 7.8132e-02
5.4521 1.9966e-03 1.6388e-04 7.8138e-02
5.4488 1.9058e-03 1.5667e-04 7.8145e-02
5.4455 1.8159e-03 1.4952e-04 7.8151e-02
